8192	9540
8192	7573
8192	8085
8192	612
8192	2269
8192	1599
0	98
0	4164
0	8037
0	6599
0	5671
0	904
0	683
0	6736
0	5304
0	568
2	450
2	949
2	2137
2	3640
2	4633
2	378
2	3614
3	1111
8196	8211
5	9216
5	3393
5	904
5	3595
5	4749
5	2063
5	2576
5	1041
5	7235
5	417
5	2468
5	1905
5	3496
5	6828
5	557
5	6063
5	568
5	4154
5	449
5	2755
5	4676
5	5317
5	8268
5	4047
5	9957
5	3425
5	98
5	356
5	1381
5	6376
5	3692
5	6893
5	1007
5	113
5	2038
5	9081
5	1146
5	2043
5	3453
6	7219
6	35
6	3942
6	3142
6	1825
6	8531
6	6482
6	1006
6	5650
6	1043
6	2004
6	1461
6	9209
6	4729
6	8283
6	1308
6	2333
6	6078
1	8467
1	1452
1	9413
1	390
1	4181
8	6443
8	136
8	5775
8	151
8	6297
8	538
8	412
8	35
8	938
8	683
8	4015
8	7345
8	6709
8	3131
8	1216
8	4295
8	7500
8	3281
8	6866
8	9305
8	6482
8	2684
8	765
8	8574
9	417
9	2440
9	4933
9	5192
9	1388
9	7500
9	728
9	1492
9	1208
9	4793
9	5722
9	6811
9	3994
9	2238
10	7104
10	353
10	9956
10	2166
10	6886
10	7976
10	6478
10	591
10	1520
10	1234
10	1846
10	1461
10	3734
10	887
10	5306
10	1499
10	1119
11	8524
11	5090
11	35
11	4705
11	136
11	4905
11	9356
11	3855
11	787
11	4853
11	4073
11	7500
11	949
11	5951
12	1536
12	8591
12	7109
12	5981
12	7336
12	6954
12	2221
12	8398
12	1615
12	1106
12	8947
12	8404
12	8414
12	3762
12	3983
12	2173
12	9822
13	2530
13	6629
13	466
13	920
13	5298
13	3379
13	1492
13	1846
13	8920
13	1468
14	353
14	7590
14	524
14	6639
14	9944
14	8216
15	3008
15	1196
16	98
16	2004
17	347
17	390
17	326
17	1425
17	412
17	2839
17	3665
17	9435
17	4695
17	9976
17	5529
17	1051
17	6972
18	6241
18	708
18	6757
18	3665
18	7460
18	2924
18	9421
18	591
18	2904
18	568
18	8883
18	4217
18	4184
18	4216
18	2383
8211	3271
8211	329
8211	8811
8211	2673
8211	2007
20	1154
20	7556
20	4485
20	524
20	6157
20	2450
20	2966
20	6680
20	6558
20	4650
20	7345
20	1975
20	1208
20	9148
20	574
20	449
20	5069
20	3793
20	6745
20	8286
20	2281
20	2038
20	8574
21	2240
21	550
21	8361
21	1838
21	7581
21	1041
21	591
21	5819
21	1053
8214	2697
8214	218
8214	1367
8214	4563
8214	151
8215	2408
8215	7028
8215	1452
8215	8181
8215	2638
8216	233
8216	404
8216	3028
8216	3614
25	4609
25	35
25	7141
25	417
25	938
25	3503
25	4853
25	151
25	378
25	7484
26	9377
26	4267
26	2383
26	6384
26	1394
26	279
26	347
26	5854
27	98
27	5963
27	221
27	5318
27	4327
28	3801
28	6866
28	2422
28	5977
29	1281
29	2491
29	8037
29	3271
29	426
29	1287
29	8300
29	8085
29	2169
29	1115
29	5596
29	8830
30	3513
31	1996
31	938
31	2955
31	1196
31	5775
31	3801
31	6619
32	323
32	1331
32	9828
32	6026
33	1144
33	3399
33	7951
33	4661
33	2063
8226	1464
8226	556
8226	3522
8226	8748
8226	2277
35	1024
35	5635
35	6157
35	2582
35	23
35	4635
35	5638
35	1062
35	1576
35	1077
35	56
35	586
35	99
35	111
35	275
35	116
35	121
35	2684
35	638
35	3713
35	1666
35	2193
35	151
35	1185
35	8362
35	1206
35	1140
35	6842
35	7869
35	8897
35	723
35	4311
35	549
35	1770
35	5160
35	7412
35	757
35	7414
35	2807
35	249
35	4349
35	6914
35	5379
35	1811
35	1812
35	7958
35	305
35	4404
35	9016
35	4926
35	5955
35	2889
35	6478
35	339
35	4437
35	347
35	356
35	357
35	1896
35	1901
35	8054
35	6007
35	1407
35	384
35	900
35	3461
35	8591
35	5023
35	9121
35	8612
35	3493
35	9642
35	4011
35	2994
35	4534
35	7608
35	6585
35	443
35	7754
35	4853
35	5582
35	4049
35	466
35	1785
35	9180
35	3553
35	3046
35	1010
35	9725
36	426
36	5596
36	4749
36	3503
37	5442
37	3941
37	7240
37	4110
37	6736
37	786
37	7067
37	4479
38	3540
38	3301
38	9223
39	3336
39	6697
39	239
39	6453
39	7190
39	567
39	1209
39	1146
39	639
40	6420
41	9216
41	1250
41	1051
41	1192
41	8849
41	9975
41	568
41	2683
41	639
42	4323
42	9796
42	7462
42	2007
42	5294
42	7219
42	1950
42	279
42	6619
42	1406
42	8181
7	4448
7	9409
7	136
7	2468
7	5591
7	1864
7	6444
7	9116
7	203
7	4876
7	6734
7	2888
7	4145
7	1043
7	1526
7	151
7	9552
7	2043
7	1372
44	612
44	1321
44	1642
44	7789
44	8117
44	412
8237	1464
8237	5384
8237	1565
8237	3190
46	1057
46	450
46	7109
46	113
47	323
47	356
47	9989
47	3222
47	9110
47	1688
47	3513
47	3487
49	6182
49	3271
49	2440
49	6283
49	1330
49	8176
49	561
49	3346
49	1077
49	922
49	5790
50	3425
50	4465
50	2130
50	9942
50	6169
50	1688
50	7993
51	2546
52	4465
52	4377
52	3385
52	1838
52	2305
53	347
53	971
53	1388
53	4853
53	1287
54	450
54	1700
54	3082
54	3151
54	979
54	2357
55	417
55	390
55	7665
55	6957
55	6992
55	1809
55	151
55	4442
55	9691
55	9116
55	5885
56	6630
56	7400
56	1106
56	6418
56	2755
56	2618
57	2804
57	5413
57	639
58	113
58	1106
58	1971
58	98
58	279
59	6697
59	2068
59	561
60	9384
60	2232
60	1051
60	2228
61	920
61	6297
61	6779
61	1812
61	3672
62	2019
62	1388
63	612
63	3142
63	4871
63	4650
63	6200
63	2869
63	8760
63	5301
64	5650
64	4267
64	7706
64	6951
65	136
65	2684
65	1507
65	3540
65	1333
66	1057
66	6818
66	1287
66	3151
66	787
66	2679
66	5689
67	2773
69	2130
70	4260
70	3814
70	6866
70	884
70	279
70	893
71	6680
71	1539
71	239
72	239
73	6972
74	249
74	884
74	557
74	710
8267	1224
8267	7034
8267	8411
8267	3213
8267	2447
8268	1560
8268	2282
8268	4682
8268	2061
77	136
77	7654
78	4209
78	6297
78	4026
78	5524
78	9399
79	9475
79	5253
79	8073
79	203
79	4112
79	113
79	8181
79	1846
79	3801
79	7644
80	2817
80	1115
80	5331
80	812
80	5145
81	2148
81	1365
82	3328
82	5022
82	922
82	3708
82	5981
82	6078
83	4112
83	323
83	612
83	4381
83	6109
84	4256
84	4235
84	7253
84	8567
84	1464
84	7003
85	1987
85	1321
85	8811
85	557
85	7951
85	8760
86	9480
86	1905
86	9659
86	550
87	2522
87	2040
87	4154
87	2333
87	3797
88	2208
88	9414
89	683
89	6630
90	4169
8283	6592
8283	9732
8283	3051
8283	2807
8283	3768
92	7211
92	9327
93	4424
93	4332
93	1468
93	5310
8286	408
8286	6954
8286	1700
95	7848
95	2869
95	574
95	8447
96	5033
96	3546
96	323
96	203
96	8687
97	3353
97	2773
97	3990
97	1215
98	1856
98	1411
98	1417
98	2186
98	6283
98	1296
98	7951
98	2448
98	8082
98	1987
98	533
98	1633
98	2329
98	1564
98	286
98	8609
98	2083
98	1700
98	1189
98	550
98	169
98	1970
98	561
98	1330
98	4793
98	8944
98	6078
98	320
98	9283
98	965
98	710
98	1121
98	454
98	971
98	6476
98	5582
98	4047
98	1617
98	9812
98	1721
98	5464
98	5852
98	1506
98	4451
98	6472
98	232
98	2025
98	1642
98	907
98	6128
98	7667
98	5054
98	9209
98	6506
98	2425
98	255
99	4049
100	2232
100	1825
100	1034
101	1144
101	524
101	7109
101	7253
101	887
102	787
103	4777
103	5298
104	2450
104	3235
105	6160
105	113
105	6476
105	1334
105	5351
106	6064
106	353
106	3963
107	1281
107	9704
107	2673
107	466
107	567
107	2426
8300	2208
8300	550
8300	213
109	2530
8302	249
8302	339
8302	19
8302	653
8302	5310
111	6040
111	708
112	323
112	4676
112	742
113	1033
113	5770
113	1425
113	792
113	5147
113	1822
113	7079
113	1832
113	6313
113	3883
113	8877
113	2483
113	567
113	1464
113	2783
113	7104
113	3148
113	632
113	2898
113	211
113	7908
113	2010
113	2383
113	1119
113	5179
113	3172
113	1254
113	6225
113	1768
113	1262
113	2546
113	8179
113	1144
113	3708
114	1006
114	9469
114	2868
114	568
114	7642
114	221
19	353
19	7556
19	9772
19	5069
19	9232
19	5524
19	1077
19	3487
19	639
116	449
118	2388
118	3036
118	1812
118	5549
119	1888
119	1507
119	7303
119	1006
119	3059
119	1526
119	378
120	8782
121	7353
121	6260
122	904
122	3692
122	6109
122	4695
123	3746
123	390
123	1864
123	2762
123	7353
123	6330
123	221
124	3185
124	3790
124	1647
125	3793
125	3540
125	6909
126	3540
126	7573
126	1878
126	6415
8319	4407
128	2422
129	9216
129	1154
129	4260
129	2924
129	1811
129	4534
130	5192
130	1034
130	6283
130	5933
131	2238
131	3015
132	2546
132	466
132	1007
22	4377
22	5724
22	5318
22	9399
8326	6264
8326	1834
8326	420
8326	4181
8326	1838
8327	4112
8327	5859
8327	7500
136	644
136	3342
136	2448
136	1305
136	921
136	4763
136	1564
136	8349
136	7327
136	4898
136	3619
136	9384
136	7721
136	1712
136	689
136	9394
136	4661
136	7353
136	7349
136	4164
136	5319
136	7882
136	8348
136	5845
136	8790
136	346
136	9822
136	868
136	2279
136	7272
136	878
136	6001
136	629
137	203
137	326
138	449
138	4442
138	9388
139	7667
139	9366
139	8947
140	1545
140	938
140	6039
140	7958
140	239
142	6569
143	1996
143	7876
144	6553
144	4066
144	5181
144	1615
24	2169
24	949
24	3271
8338	3385
8338	2900
8338	6733
147	9075
147	5701
147	7303
148	7400
148	6818
148	1215
148	4183
148	2911
149	4811
149	708
150	393
150	3367
151	8832
151	3222
151	2697
151	1034
151	3859
151	1556
151	5525
151	9879
151	423
151	2228
151	4533
151	1208
151	9789
151	448
151	6210
151	6724
151	3148
151	4429
151	4303
151	6055
151	7769
151	220
151	4701
151	484
151	1959
151	7918
151	9455
151	4473
151	508
151	1662
152	2224
152	1770
152	765
154	1208
154	1647
155	4685
158	898
158	2357
158	9366
158	9293
159	4381
159	3990
161	5192
161	4796
161	7747
161	5668
163	4217
163	683
163	1452
164	5442
164	6253
165	3393
165	1812
165	2895
166	1250
166	3059
166	5927
167	5650
8361	8544
8361	1874
8361	6891
8361	326
8362	180
8362	1308
8362	6867
8362	4356
171	2208
171	738
171	3645
172	7730
174	5249
174	1154
174	3558
174	4721
174	6420
174	4184
175	1445
175	326
175	7654
175	4618
175	2448
175	786
175	8884
175	9913
175	3994
176	8826
176	4676
177	4775
178	9799
179	1492
179	2173
180	1496
180	2238
180	3190
8373	2361
8373	4170
8373	323
8373	3540
8373	236
182	7235
182	8900
182	8950
182	3575
182	8753
182	3347
182	1492
182	3190
182	7447
182	4216
182	5722
184	2697
184	979
184	3222
185	412
186	8018
186	557
186	1551
187	8176
187	249
187	1834
187	4084
187	5977
1370	7789
189	9562
189	2924
189	4022
189	1934
191	9234
191	4534
191	2807
192	561
192	4746
192	2173
192	6303
193	2241
193	3188
193	2526
194	2007
194	9453
194	2727
195	2241
195	203
195	6159
197	3994
197	1196
197	9130
197	4238
197	4407
198	449
198	393
198	4139
198	1996
198	8973
198	5079
198	8187
199	2240
199	4433
199	1496
200	7904
200	3790
200	2230
201	4412
201	2911
203	1026
203	5381
203	2566
203	4616
203	1034
203	6539
203	2562
203	7440
203	913
203	2243
203	8793
203	922
203	2333
203	5279
203	3232
203	290
203	7716
203	1574
203	4777
203	1579
203	812
203	4893
203	5686
203	1459
203	2230
203	6074
203	2875
203	6252
203	6026
203	8894
203	5058
203	3781
203	7110
203	322
203	5329
203	7891
203	4004
203	5338
203	1755
203	5468
203	221
203	2655
203	7739
203	9403
203	1637
203	7783
203	4332
203	9581
203	6639
203	2033
203	1833
203	378
203	1772
203	3453
34	5956
34	8265
34	3492
34	557
34	239
34	8179
34	4534
34	2201
34	1308
8398	519
8398	8465
8398	1716
8398	9013
8398	4638
207	353
207	738
207	7235
8463	7504
209	6639
209	279
210	6914
210	4182
211	3496
211	5785
8404	5003
8404	1381
8404	1686
8404	909
213	728
213	2228
213	7581
214	249
214	8060
215	4595
216	612
8409	2240
8409	596
8409	3036
8409	6657
218	3282
218	574
8411	2240
8411	1825
8411	323
8411	6196
8411	9081
220	347
221	1536
221	4610
221	7556
221	8341
221	8836
221	6431
221	1058
221	1977
221	1210
221	2756
221	2890
221	4832
221	739
221	4201
221	108
221	8181
221	7161
221	3325
8414	256
8414	515
8414	4084
8414	9975
8414	3487
223	591
224	708
224	786
224	2180
224	1215
225	249
225	2166
226	3347
229	2068
230	5529
230	2386
231	6803
231	2004
233	6723
234	745
234	2038
235	612
236	920
237	3457
238	2875
238	742
238	979
239	5123
239	8197
239	393
239	529
239	2069
239	7451
239	7584
239	289
239	4646
239	2096
239	2751
239	717
239	295
239	3948
239	6253
239	1391
239	4595
239	5236
239	4215
239	2043
241	2638
241	567
242	922
242	6253
243	3546
243	7067
244	4905
244	5956
244	3734
244	3983
245	8466
246	1209
246	3981
247	2911
8440	9037
249	2566
249	584
249	8663
249	3917
249	1809
249	4146
249	5107
249	7828
249	5015
249	5273
249	5722
8442	2769
8442	3700
8442	8630
8442	367
251	742
251	1331
251	5325
251	7899
252	6157
8445	3196
8445	5382
8445	5310
8445	4783
254	1834
8447	3640
8447	4094
8447	822
8447	7662
256	6281
256	3855
8449	561
8449	826
8449	8135
8449	1068
8449	7929
258	1867
258	2679
43	4145
43	4565
260	1832
260	356
262	9854
262	3301
262	390
262	2783
8455	5923
8455	1864
8455	1427
8455	2169
8455	4442
8455	9086
264	2328
264	6001
264	1539
265	8950
267	5242
268	378
269	8895
45	4325
45	7303
45	683
45	2385
45	1043
45	3900
45	765
272	2305
272	6260
8465	2468
8465	5069
8465	1445
8466	1640
8466	538
8466	2875
8469	3941
8469	2284
8469	1614
8469	9137
8469	3348
8469	6266
8469	9722
279	1536
279	771
279	8712
279	7724
279	3597
279	8088
279	537
279	1691
279	5276
279	288
279	1445
279	1577
279	1451
279	684
279	2221
279	1330
279	3516
279	574
279	3780
279	5317
279	2773
279	3160
279	7259
279	2020
279	2385
279	7271
279	3316
279	4217
279	7163
279	1365
280	3008
280	3516
282	1235
283	2955
283	8773
284	5331
285	2491
285	8895
287	4026
287	7460
8482	3512
8482	6585
8482	2615
8482	7135
291	3028
292	1209
293	5668
293	6734
294	1468
296	920
296	6992
296	426
296	5126
296	710
297	3640
297	1496
299	5317
300	5785
300	738
301	3699
301	1334
301	2007
302	8646
302	8874
302	1330
302	4110
302	2751
303	715
304	1464
304	8137
304	1867
305	8753
305	8962
306	3036
308	4377
310	1536
310	1496
310	6891
310	4721
314	7891
314	9798
315	4385
315	742
316	9629
317	1111
318	6536
319	591
320	9568
320	4748
320	1381
320	6943
321	1520
321	8849
321	1333
322	5701
323	5633
323	7318
323	904
323	1161
323	787
323	2966
323	3486
323	6815
323	9819
323	1700
323	5544
323	426
323	4651
323	7852
323	6152
323	2357
323	4383
323	326
323	9552
323	2130
323	7636
323	6101
323	6489
323	6493
323	3294
323	3425
323	9525
323	4198
323	3821
323	2088
323	1363
323	4983
323	6776
323	893
325	6585
325	2530
325	9942
325	745
326	555
326	646
326	8841
326	3211
326	8269
326	5266
326	4441
326	1688
326	3111
326	7211
326	7217
326	690
326	7732
326	3934
326	2874
326	1083
326	3016
326	5069
326	6477
326	3793
326	2137
326	5724
326	1373
326	222
326	4539
326	356
326	1126
326	2407
326	1786
326	7152
326	8281
326	3834
326	3964
327	2386
327	6619
328	3540
328	2988
328	6510
329	1406
329	3607
8522	7457
8522	8676
8522	6157
8522	595
8522	9626
8522	5917
8523	6040
8523	4122
8523	507
8523	5188
8523	7447
8524	6328
8524	3297
8524	3610
8524	3692
333	2440
333	393
333	4296
335	5761
335	3990
336	393
337	6828
337	742
338	898
8531	6001
8531	3299
8531	6555
340	1394
341	3665
342	1388
344	5648
344	1809
344	7594
344	9388
344	2004
345	450
347	4032
347	6433
347	2958
347	3176
347	8589
347	3758
347	1551
347	7345
347	5653
347	887
347	9183
348	4448
348	6697
348	3698
348	6633
348	2807
350	417
350	2756
8544	599
8544	382
8544	3793
353	7745
353	451
353	3190
353	902
353	3529
353	3855
353	3153
353	5585
353	4925
353	4022
353	4937
353	3284
353	6314
353	6735
353	5790
353	1082
354	1321
354	466
356	898
356	3217
356	3347
356	548
356	1192
356	2870
356	6455
356	6601
356	9290
356	9806
356	1105
356	2388
356	7001
356	9692
356	5096
356	4203
356	8177
356	1737
356	3324
357	4417
359	1996
360	710
360	1950
361	1464
361	7475
361	9399
362	4377
362	5907
362	8751
363	3353
363	6821
364	8738
364	412
365	3222
366	4661
366	3758
366	1333
367	1896
367	6510
369	9033
369	6999
370	765
370	1215
371	6804
372	3640
372	5249
372	3379
372	3558
373	6897
373	3399
373	2448
373	2769
373	1106
373	1372
374	3401
374	4426
374	9081
374	4847
8567	5249
8567	1136
8567	4242
8567	6231
8567	9629
376	2888
376	3700
376	2887
377	2333
378	1797
378	2178
378	3825
378	2386
378	1775
378	6001
378	2866
378	500
378	1745
378	5915
378	9807
378	1759
8571	742
8572	1186
8572	3551
8572	1526
8572	6838
8572	3485
381	8920
381	2804
8574	2007
8574	3075
8574	3607
383	450
383	5958
384	4182
386	7400
386	550
386	3142
387	9217
387	843
387	2876
388	738
388	2684
388	8157
388	3031
389	1043
390	5067
390	3300
390	5189
390	1825
390	1896
390	2347
390	8221
390	1693
390	8912
390	624
390	9722
390	3994
390	5530
393	3885
393	5669
393	712
393	1545
393	1770
393	5781
393	2576
393	4949
393	3641
393	9176
393	537
393	8059
393	894
393	4991
394	8467
396	1520
396	2383
8589	3598
8589	1733
8589	4838
8589	5631
398	3457
8591	4777
8591	574
8591	7929
402	6232
402	1896
403	2201
403	1700
403	7158
403	6886
406	6803
407	5026
407	4950
408	745
409	2875
409	4838
409	3215
410	2546
410	1196
411	9827
411	5524
412	7040
412	4616
412	7050
412	5905
412	9494
412	6823
412	5768
412	7861
412	3895
412	4724
412	7360
412	3139
412	8773
412	5470
412	489
412	3439
412	5620
412	2175
416	3196
417	1156
417	5927
417	6026
417	6894
417	3575
417	4793
417	9989
418	999
419	4749
423	6558
424	2426
426	3237
426	1838
426	271
426	2512
426	3188
426	7768
426	1396
427	2448
429	5917
431	3971
431	3700
431	2467
432	4184
433	2169
434	1235
435	6897
435	3519
437	2113
8630	1688
8630	452
8630	7581
8265	953
8265	7394
8265	2460
8265	9341
440	5797
441	4777
441	2887
442	4216
444	5611
445	2208
445	7240
445	1119
448	6086
449	715
449	5934
449	4721
449	1496
450	1250
450	4260
450	7077
450	4487
450	1007
450	3984
450	4692
450	3453
450	4894
75	999
75	1372
75	1526
75	7054
75	4047
453	1888
453	7451
8646	1848
8646	1461
8646	3734
8646	1787
455	8746
455	8915
457	6380
457	1452
8650	3708
459	5051
459	3222
8652	5442
461	1688
461	4139
462	3512
462	843
462	8854
462	1934
466	6464
466	1990
466	2574
466	8181
466	5214
467	5033
469	971
469	2148
469	8947
469	8175
470	7193
470	7821
470	6253
474	5615
475	1832
476	8891
476	9341
478	6200
478	3059
480	3900
480	1006
481	9052
481	1333
482	6587
482	524
483	1888
483	1057
483	6605
8676	9552
8676	9786
8676	3139
8676	3453
486	4781
487	2955
487	884
487	3367
488	8938
488	9916
489	1642
490	4682
490	1308
491	3698
492	9744
8687	561
8687	517
8687	3793
499	812
499	1733
499	3543
500	738
500	1365
500	6605
502	2773
8695	1144
8276	4777
508	7730
508	843
508	524
511	1987
8706	1376
8706	5505
8706	2762
8706	2628
8706	4806
516	2673
516	8746
516	4685
517	4894
519	843
519	708
519	979
521	3963
521	639
524	4610
524	1668
524	6984
524	6660
524	7665
524	1394
524	1081
524	6585
524	9976
524	2361
524	3963
525	5306
526	7219
526	3462
526	887
528	7004
530	5301
531	1235
531	4853
532	5859
534	1452
534	7638
536	9435
536	3020
538	2467
538	454
538	134
538	135
538	843
538	653
538	206
538	9393
538	2679
539	1331
539	9981
541	6705
541	9732
543	6415
544	4618
545	4015
8738	3497
8738	1475
8738	1461
8738	2967
91	4587
91	999
548	904
548	9691
548	4323
549	3964
550	1057
550	3271
550	1834
550	1615
550	145
550	3994
550	574
552	8175
8746	2228
8746	6943
555	715
8748	4937
8748	9763
8748	5079
557	2208
557	1115
557	6630
557	4465
557	2857
557	8007
557	7938
557	4079
557	6352
557	4497
557	6578
557	6838
557	2904
557	6779
557	3965
557	3614
558	2522
558	1445
8751	7993
8751	3411
8751	1733
561	2240
561	9963
561	420
561	7240
561	4777
561	971
561	5090
561	1934
561	6482
561	1033
561	7573
561	2839
561	2426
561	3916
563	5126
564	6477
94	6242
94	3780
94	8742
567	3328
567	7460
567	7462
567	8782
567	1053
567	5502
568	9924
568	999
568	5033
568	7818
568	2924
568	5326
568	2895
568	1041
568	8818
568	3190
568	804
568	4796
569	920
569	2727
572	1111
572	3607
574	1796
574	786
574	2166
574	2839
575	887
577	4217
579	3645
8773	754
8773	6971
8773	2622
582	6040
582	6064
582	3700
8775	5596
586	4433
586	5514
587	6799
588	1041
588	5145
8781	1499
8781	1438
8782	7880
8782	7055
8782	3462
591	1057
591	7556
591	7141
591	1254
591	4737
591	1352
591	5097
591	2447
591	3698
591	5362
591	4084
591	1560
591	5819
592	6842
592	1867
592	3734
593	2228
594	1187
597	5819
597	812
599	949
8792	1077
603	2924
603	7029
606	7727
608	6706
608	4154
610	6200
610	1905
612	7393
612	715
612	7310
612	5758
613	4407
614	4565
8807	2440
8807	1993
8807	710
8807	4838
617	6633
8811	3758
8811	637
620	7382
621	3793
624	4324
630	6680
630	4464
631	1536
631	5724
8826	1536
8826	2868
8826	728
8826	5692
8826	9503
8827	2386
636	6605
637	1647
8830	3328
8830	1873
8830	23
8830	9435
8830	6943
639	7616
639	7170
639	4806
639	4682
639	3367
639	1580
639	5325
639	1270
639	3519
641	1216
8834	9114
644	3028
644	7958
646	4183
647	6328
647	9827
108	5051
108	3964
108	7581
654	728
656	3944
656	5326
8849	3188
8849	5591
661	2224
8854	1846
8854	7582
8854	6366
8854	4222
663	2208
663	3971
663	1053
665	765
666	1539
666	4325
666	3558
667	9878
667	1615
668	6697
668	1215
669	9453
674	1034
677	8874
677	5252
677	7730
679	6799
680	922
681	9944
681	1041
681	9763
681	2526
8874	6330
8874	2038
683	1998
683	9293
683	1006
683	3188
683	949
683	1878
683	1111
684	787
688	4781
689	1187
690	1388
8883	3513
8883	1106
8883	3202
8883	5129
8884	7232
8884	7745
8884	5276
8884	9341
8884	4638
693	6957
693	6453
694	1499
8887	3941
23	6283
23	2357
23	3223
23	1560
697	2817
697	9963
697	6588
8891	2723
8891	4487
8891	5724
8891	9037
8891	7126
700	3699
701	786
8895	2888
8896	7584
8896	1540
8896	1086
8896	1111
8899	6040
8899	2696
8899	4650
8899	971
8899	5327
708	4385
708	5026
708	7899
708	1526
708	6534
708	3425
708	1777
708	3185
708	2019
708	3188
708	7190
708	2601
708	6330
708	1499
708	1628
710	352
710	715
710	1372
713	2396
713	1647
714	728
715	4610
715	1867
715	741
715	5351
715	1111
715	9453
715	1394
715	9075
715	7794
715	5718
715	2679
715	7935
719	4572
8912	4184
8912	777
8912	5250
721	6040
8753	3059
8753	4270
8753	1406
726	5689
726	9356
8920	9194
8920	4525
8920	1111
8920	957
731	1209
731	3546
731	3301
735	5514
737	5933
738	6242
738	7467
738	7813
738	7848
738	6316
738	7816
738	6775
738	6808
738	2426
738	5022
742	6528
742	5136
742	898
742	1539
742	6376
742	4587
742	9356
742	7662
742	7029
742	1975
742	3672
742	4090
743	9593
743	4235
744	3031
745	3588
745	3734
745	4711
745	4487
745	2094
745	6734
745	9110
745	1848
745	5145
745	4026
745	2876
745	330
8938	947
8938	6972
8938	7789
8938	5043
747	1209
747	1461
747	9783
8941	1287
750	884
8947	2228
8947	5999
8950	5201
8950	6972
8950	2673
8951	3496
8951	1820
8951	8117
762	2305
765	3072
765	8384
765	7171
765	7431
765	6160
765	3281
765	1507
765	5526
765	4023
766	1846
769	1192
8962	2383
8962	7607
8962	4295
771	4464
771	2113
772	2068
773	2241
773	7929
773	9223
777	5615
778	1551
779	1888
780	938
8973	2448
8973	2946
8973	6046
8973	263
784	6980
784	1187
784	4796
784	7353
9688	8189
786	6784
786	5794
786	3299
786	2762
786	9234
786	9763
786	3385
786	1690
787	5045
788	2232
788	3820
791	6897
792	6040
794	2305
797	5326
133	7380
801	3151
1499	2689
1499	9905
1499	6197
1499	3990
804	6891
804	9341
134	7360
134	3281
134	6443
134	7238
135	5825
135	2530
135	1254
135	2385
135	728
135	4793
812	5937
812	4488
812	5577
812	2314
812	273
812	2068
812	1558
812	2491
812	4572
814	3981
816	9384
816	2043
816	3871
817	2353
817	1154
818	2683
820	1106
822	3281
825	9722
826	7138
826	2043
826	2468
8330	8331
830	1864
832	2440
832	7104
8331	1578
8331	4907
8331	2068
838	1216
839	3282
840	2361
9033	6504
9033	5192
9033	1260
9033	9704
9033	3036
842	5825
843	6241
843	7146
843	8125
9037	6927
9037	4851
847	3487
848	7460
848	6510
848	1119
850	2450
850	9629
851	3698
851	5958
854	3762
854	8085
857	3301
9052	4235
9052	1880
9052	1720
9052	9209
9052	7931
861	4032
861	3190
862	3028
864	4181
866	5252
866	5165
869	8117
870	1250
146	6039
878	1007
879	4183
880	2221
9075	6301
9075	6695
884	3746
884	1155
884	6537
884	1234
884	115
884	4661
884	963
884	9593
884	2522
884	3196
884	6909
884	9822
886	7484
886	7852
887	1381
887	2762
887	914
887	2900
887	8088
887	9562
887	1406
9081	2530
9081	9131
9081	1360
890	2281
892	9274
892	6999
893	4256
893	4228
893	7366
893	520
893	3379
893	471
893	7067
893	979
9086	4705
9086	6825
9086	1221
896	5981
897	3814
898	4394
898	1007
898	5650
898	7957
898	3672
898	1115
898	4511
899	6745
901	2467
901	5326
901	1507
904	9828
904	1192
904	4497
904	8056
904	2875
904	4638
907	3963
907	5215
907	2388
907	5591
909	2534
911	1146
913	8915
9107	3609
9107	1452
9107	2228
9107	4168
9107	1753
916	9957
9110	5767
9110	6601
4249	2755
920	4323
920	9799
920	1867
920	2926
920	3789
920	4894
9114	1106
9114	3698
923	1330
9116	1733
926	2094
927	2447
933	2618
933	2638
933	5215
156	2228
938	3233
938	1733
938	9798
938	1372
938	4624
938	8137
938	8980
938	1077
938	7382
938	3543
938	3131
938	9276
938	4638
9131	4705
9131	2866
9131	3558
940	1216
9134	9976
943	4620
9136	1834
9137	1768
9137	2424
9137	1146
9137	7356
946	4685
947	3595
949	1953
949	1154
949	4485
949	3196
949	6828
949	7731
949	9878
949	3513
949	5276
949	3941
950	2232
953	5464
9148	728
9148	5883
9148	4412
9148	9545
959	4433
959	3708
962	7727
962	3575
962	1551
963	1334
967	6266
9161	2817
971	8804
971	2667
971	2040
971	1144
971	217
975	1235
976	9176
979	1979
979	8101
979	1647
979	1520
979	1595
981	9908
982	2868
982	2180
9176	3411
9176	9943
9176	3503
9180	2864
9180	5084
9180	1146
9180	1940
1530	2907
990	2241
990	9183
9183	1184
9183	9503
993	9763
998	7745
998	6380
998	7029
999	6592
999	1638
999	3817
999	9399
999	5309
999	5214
1001	7040
1001	1281
9194	5248
9194	9806
9194	3814
1004	2888
1004	2113
1005	1234
1006	1281
1006	9411
1006	3700
1006	9981
1007	2534
1007	2925
1007	8107
1007	9453
1007	5589
1007	4090
9200	2972
9200	1996
9200	1047
1010	4711
1012	2876
1013	2574
9209	6384
9209	6933
170	2328
170	2353
170	1053
170	3734
1023	4084
1023	2679
9216	6443
9217	6384
9217	7416
9217	5181
9217	3215
1028	1878
1030	5810
9223	274
9223	1350
9223	5653
1032	2683
1032	9916
1032	1254
1033	4511
1034	2019
1034	2063
1034	8184
1034	1334
1034	2904
1035	1464
1036	1321
1039	1733
9232	2515
9232	1454
9232	1406
9232	8007
1041	3588
1041	6599
1041	6992
1041	5907
1041	9878
1041	5819
9234	2808
9234	2238
9234	7303
1043	4032
1043	9487
1043	1200
1043	3185
1043	6201
1044	6972
1045	3346
1048	1615
1050	7504
1050	4894
1051	451
1051	9732
1051	6086
1051	3981
1051	2386
1051	707
1051	5785
1051	8760
1051	6169
1051	6084
1053	4646
1053	5958
1053	937
1053	1134
1053	1425
1053	1492
1053	3871
1055	5736
1055	6892
1057	1321
1057	4182
1058	6733
1060	3645
1063	1119
1067	6838
1069	6943
581	6735
1071	1545
1074	7590
1077	1514
1077	2106
1077	5267
1077	7109
1077	3503
1077	3281
1077	2904
1077	7642
1077	6588
1077	5242
1077	9477
1080	1971
1080	1934
9274	9888
9274	3201
9274	3814
9274	3281
9274	1848
1083	6376
1083	3543
9276	6553
9276	1460
9276	1889
9276	5215
1085	2955
1086	2094
181	6160
1089	1417
9283	1216
9283	4682
1094	7141
1095	7730
1099	1406
1100	8037
9293	7394
9293	5933
9293	4245
1104	1417
1106	4169
1106	2072
1106	3645
1107	6799
1108	4032
1109	1468
1110	3672
1111	3640
1111	2127
1111	6264
1111	2866
1111	4311
1111	6366
1112	6200
9305	1144
9305	1642
9305	6451
9305	8456
1115	5889
1115	3082
1115	1424
1115	6039
1116	9956
1117	2467
1119	2240
1119	5890
1119	3942
1119	3367
1119	7211
1119	6444
1119	5549
1119	4285
1119	1971
1119	4199
1120	5331
1125	6182
1126	7260
1127	6842
1127	1187
1127	2684
1127	1846
1128	3401
1131	5099
1134	1281
9327	2240
9327	3294
9327	9414
1137	6063
1138	1381
1139	1235
1140	8930
1143	3008
1143	4729
1143	4260
1144	922
1144	3099
9748	2880
9748	9449
9748	5575
9748	3789
9748	2749
1146	4448
1146	1217
1146	9447
1146	2638
1146	615
9341	2681
1151	1878
1154	3099
1154	1417
1154	5007
1154	3379
1154	6587
1155	4015
1156	2907
1156	2689
1157	1331
1158	3015
1160	3131
1163	7188
1163	3462
9356	2848
9356	9987
9356	6440
9358	1809
9358	2866
9358	4596
9358	6269
1168	4847
1169	6792
1169	1287
9366	1192
9366	8761
1175	1905
1176	5442
1178	6448
1179	4460
9372	3346
1186	7706
1187	7360
1187	5736
1187	3401
1187	2441
1187	7486
1192	7040
1192	9670
1192	1424
1192	7336
1192	1234
1192	1017
1195	6980
1195	2751
1196	6086
1196	4295
1196	6891
1196	6166
1196	9879
1198	9709
1565	6832
9393	1780
9393	222
9393	4838
9393	3181
1206	6001
9399	1365
9399	9469
1208	1604
1208	2213
1208	7338
1208	601
1208	9757
1209	4736
1209	2534
1209	5582
1209	3793
1209	2004
1209	5301
1209	2360
1209	7260
1209	7253
1212	3008
1215	3139
1215	3780
1215	1445
1215	6049
1215	1777
1215	5951
1216	4072
1216	1812
1216	2230
1216	2238
9409	8024
9409	7852
9409	8007
9411	3512
9411	3780
9411	4324
9411	3525
9413	860
9413	4796
9413	1461
9413	1657
9414	4288
9414	2173
9414	4638
1226	3871
9421	1649
9421	6266
9421	5770
9421	6655
205	7185
205	1834
1232	2137
1234	2877
1234	5524
1234	9469
1235	5761
1235	1905
1235	6420
1235	3801
1236	2673
206	7899
206	6599
9434	1464
9435	9388
9435	5534
1246	5126
1248	5442
1248	2638
1249	8137
1249	1254
1250	2546
1250	3031
1251	2224
1254	4228
1254	5157
1254	6630
1254	5963
1254	9772
1254	6387
1254	7859
9447	3353
9447	6891
9447	5090
9448	5215
1257	6380
9453	5442
9455	2379
9455	4326
9455	2062
9455	6415
1265	5810
1265	6451
1266	4610
1268	4022
1270	4311
1270	3614
9463	7303
9469	7761
9469	4930
1279	3211
1281	6629
1281	6415
1281	3301
1282	2166
9475	6233
9475	1394
9475	6309
9475	9078
9477	7177
9477	9783
9477	1988
9477	4183
1286	2113
1287	1539
1287	2868
1287	2169
1287	991
9480	2108
9480	3379
9480	7260
9480	7582
1290	6160
1290	4950
1294	3336
9487	3211
1297	7135
1300	7958
1300	6695
217	4624
217	3699
1304	7036
9498	9924
1308	6662
1308	6803
1308	7188
1308	3607
1308	3162
1308	1087
9503	2576
9503	7303
1316	5045
1316	3607
1317	3020
1318	9879
1321	7077
1321	6593
1321	7145
1321	3353
1323	5097
1324	6832
9517	6169
1330	1888
1330	7553
1330	7500
1330	4572
1331	7104
1331	2722
1331	3780
1331	6866
1331	5555
1331	439
1333	546
1333	5963
1333	4209
1333	7891
1333	1582
1333	9913
1333	5915
1334	8018
1334	4599
1334	3068
2953	1987
9780	3964
1341	6838
1342	9562
1344	4847
1345	4256
1345	1642
1345	3492
1346	9806
9540	2712
9540	6443
9540	9388
9540	1655
1351	5770
1353	4624
1355	1777
9551	7211
9552	8238
1362	6757
1363	1424
1365	1283
1365	4805
1365	758
1365	5977
1365	2173
1366	7005
9562	5442
1372	6478
1372	5653
1372	7450
1372	5022
1374	8915
9568	5825
9568	6443
1377	6986
1377	3900
1381	7158
1381	7127
1381	4022
1381	2426
1381	2396
1385	3031
1388	3425
1388	6818
1388	3223
9581	4464
9581	1728
9581	6588
1390	1832
1390	6892
1392	2388
1393	3737
1394	2576
1394	3762
1394	725
1394	5722
1394	3547
1398	1545
1398	4066
1399	3758
9593	3176
9593	2411
9593	4695
1404	4209
1406	6629
1406	5927
1406	2509
1406	2067
1406	1560
1406	2907
1407	9963
1408	5413
1409	6084
1417	3457
1417	4644
1417	649
1417	6832
1417	3475
1417	6838
1421	5775
1422	5145
1422	4564
1422	5097
1424	8979
1424	4775
1425	6723
1425	5650
1425	5653
1430	1934
1434	7769
1435	6734
9629	2384
9629	6004
1439	7146
9633	9668
1445	2988
1445	6320
1445	3151
1452	3330
1452	6211
1452	4139
1452	4781
1452	1101
1452	6418
1452	6166
1452	5977
1453	4620
1458	6630
1460	2530
1460	3235
1461	9854
1463	4460
1464	4417
1464	7239
1464	2040
1465	6418
1466	3099
1466	3964
1466	4182
9659	6028
9659	2522
9659	2396
9659	1042
1468	2756
1468	8117
1468	9975
1471	6601
9668	4633
9668	7527
9668	3991
9672	6453
1483	2638
1484	3346
1484	5339
1484	3990
1487	5648
1492	6894
1492	2966
1492	5209
1492	2396
1492	7193
1492	7644
1614	5253
9687	8930
1496	5442
1496	1635
1496	4847
1496	7219
1496	4407
1496	6303
9691	7958
9691	2727
250	2361
1507	5859
1507	871
1507	2888
1507	8138
1507	3317
1507	9942
1507	6553
1509	4644
1510	2839
9704	4313
9704	1794
1513	4169
1516	3817
9709	2426
9709	8626
1518	7471
253	2238
1520	7138
1520	2839
1520	988
1522	4412
1619	5701
1524	2221
9717	3328
1526	2113
1526	3595
1526	2226
1526	2450
1526	1688
1526	4729
1526	5310
1527	3614
1529	6629
9722	3823
9722	5382
255	2876
9724	7003
1536	6561
1536	3492
1536	4618
1536	6954
1536	1823
1537	5926
1539	4676
1539	6999
9732	5812
1541	2166
1543	4811
9736	2232
9736	7665
9736	3698
9736	2032
9736	1607
1545	4385
1545	1906
1545	1975
1545	6587
1545	7135
1547	6886
1548	3367
1551	4163
1551	3942
1551	6588
9744	2474
9744	3436
9744	4015
1554	1848
1560	352
1560	4424
1560	7920
1560	6195
9757	8028
9757	2324
9757	4325
9757	2271
1566	6818
1568	2385
9763	5033
1578	2240
1578	5306
9772	945
9772	2991
9772	3575
1581	2817
1585	6330
1585	6797
1588	2040
9783	2864
9783	2788
1592	3789
1595	8175
1596	2869
1603	2574
9796	3336
9796	5585
9796	6443
9798	2169
9798	2468
9798	8169
9799	5145
9799	6828
9799	7382
1609	6958
1612	2383
9806	2353
1615	3362
1615	2804
1615	2038
1615	3607
1617	4775
1621	2576
1621	5051
1626	6706
271	9975
1629	3698
9822	4834
9822	6857
9827	2905
9827	4139
9828	5840
9828	5968
273	6951
1642	7393
1642	9062
1642	7848
1642	2163
1642	6585
1644	8125
274	2755
1647	7638
8467	2571
8467	9330
8467	5530
8467	3964
1657	2281
1660	3436
9854	3790
9854	4479
277	1848
277	1809
277	7005
277	2807
1664	4324
1665	4090
1669	7594
1671	4228
1673	2683
9867	3392
9867	3698
9867	6443
1677	5582
1679	1848
1680	3399
1685	2697
9878	4276
9878	2691
9879	3612
9879	7794
1688	5807
1691	8189
1693	7238
1695	5917
1700	4775
1700	8684
1700	2914
1700	4026
1703	5555
1705	7308
9898	4775
1709	2019
9906	2447
1651	5785
9908	7832
9908	2697
9908	3990
9908	2545
1719	5201
1723	2907
9916	3737
9916	3964
9916	4871
1730	7382
1730	3503
9924	2769
9924	7460
1733	2496
1733	5249
1733	7522
1733	2633
290	5013
290	4950
290	6943
1743	7353
1745	4267
1749	7150
9942	5591
9944	1792
9944	2955
9944	2647
331	3457
331	7818
331	1975
331	4084
331	4497
1756	3543
1757	4777
9950	5090
1762	1770
1762	4646
9956	2201
9956	6709
9956	4487
9957	4729
9957	2422
9957	1905
1766	7475
9963	1996
9963	7921
1772	3028
1775	8117
1777	6736
1777	399
1779	6232
9975	2566
9976	2386
9976	3959
9981	7386
9981	4267
9981	7876
1793	3817
9989	4682
1799	8760
1799	3692
1805	8059
1806	2526
1806	4079
1807	2180
1809	7394
1809	1295
1811	6476
1811	4595
1811	5013
1811	728
1811	4154
1812	9377
1812	3527
1812	2888
1812	4956
1812	3282
1812	3346
1812	6723
1812	2876
1812	1971
1812	5951
1817	5310
1820	6264
1821	1971
1825	4464
1825	2230
1825	2232
1825	1754
1827	1838
1832	770
1832	6601
1832	8075
1832	1940
1832	4565
1834	6482
1834	565
1834	2807
1834	3589
1838	7393
1838	3758
1838	2361
1842	3640
1846	5474
1846	6166
1846	3184
1846	3665
1846	5203
1846	3900
1848	4464
1853	6799
1862	2063
1863	3768
1864	770
1864	2148
1864	2704
1864	115
1864	3223
1864	3143
1864	4572
1867	3665
1874	2173
1874	4838
1878	1950
1878	4216
1881	2137
1883	5855
1884	5977
1888	6624
1888	3299
1888	3160
1888	3487
1896	6952
1896	6443
1898	4313
1899	5648
1904	2396
1905	4110
1905	4313
1905	5855
1910	2526
1911	2396
1917	5099
1923	2169
1686	6828
1926	6986
1926	2804
1926	5797
1930	4084
1934	5192
1935	2457
1940	7899
1941	6909
1941	4711
1942	728
1943	6709
1948	2130
1950	2478
1950	2007
1950	2201
1950	703
1953	7471
1955	5761
1957	5736
1971	2468
1971	5671
1971	5325
1971	5592
1971	6202
1971	8580
1972	2148
1974	2201
1975	4448
1975	547
1976	3512
1980	6064
1985	2353
1987	6980
1987	6893
1987	463
1987	3059
1987	7970
1990	6493
1996	2305
1996	546
1996	6706
1997	5165
2001	4090
2001	4181
2004	4260
2005	2127
2007	451
2007	5731
2007	6046
2007	4847
2007	8637
2019	2180
2019	4079
2019	5079
2019	4793
2022	6166
2029	2467
2029	3588
2038	2755
2038	7302
2038	3215
2040	7077
2040	3047
2040	7500
2040	5045
2043	4646
2043	6536
2043	4174
2043	3547
2048	3082
2049	4832
2052	3780
2053	2887
2054	922
2062	4217
2063	420
2063	4332
2063	4685
2063	6803
2067	6706
2068	4228
2068	3495
2068	6376
2068	3020
2068	4407
2072	2773
2073	4047
2073	4487
2075	2328
2085	7393
2085	3399
2090	8073
2094	2736
2094	6792
2094	4171
2094	7504
2094	7889
2094	5848
2096	3082
2096	3131
2101	3059
1716	2457
2109	6444
2113	5526
2113	7590
2113	3528
2116	3462
2118	6039
2122	2727
2124	8900
2127	397
2127	5555
2127	3941
2129	4876
2130	6478
2130	375
9913	2530
9913	4658
2137	4138
2137	2966
2137	5529
2137	7434
2138	4049
2148	4205
2148	471
2148	3036
2154	8157
2159	4609
2163	5249
2165	3215
2166	9377
2166	5797
2166	8733
2169	2468
2169	3942
2169	3820
2169	3083
2169	6098
2169	3700
2169	4661
2169	3894
2170	4381
2180	6866
2180	2618
2182	3522
2184	3347
2185	7782
2186	2566
2191	4256
2200	6211
2201	2570
2201	7755
2201	7946
2203	7394
9925	7821
2208	6986
2208	3211
2208	3981
2208	6387
2208	3513
2208	3036
2208	5849
2213	4748
2215	2224
2216	4332
2218	7146
2221	3099
2221	3196
2223	5689
2223	6157
2224	6692
2224	6951
2224	4424
2224	6639
2224	2388
2224	2447
2228	6761
2228	2697
2228	5999
2228	2450
2228	6971
2230	5058
2230	7782
2230	7399
2230	685
2232	2241
2232	7260
2232	6059
2232	6697
2234	3708
2238	2689
2238	4485
2238	6954
2238	4015
2238	6046
2240	6784
2240	2689
2240	6797
2240	9377
2240	7821
2240	8148
2241	2626
2241	6952
2241	4145
2241	4565
2243	6737
2249	7848
1741	2526
2264	3328
2272	7665
2274	7747
2277	5215
2281	3814
2281	7789
2281	4781
2281	2895
2281	988
2286	8075
352	2895
2289	5181
382	7145
382	2804
2295	5611
2295	5526
2297	2386
2305	2988
2305	7955
2305	6390
2305	8983
2305	6200
2305	5309
2311	4749
2311	5165
2318	4184
2322	6951
2323	4876
2325	4139
2326	7004
2328	3393
2328	6242
2328	7400
2328	4748
2328	6096
2328	5555
2328	3737
2332	2783
2333	3436
2342	8742
2343	8075
2345	2911
2346	2357
2350	3353
2350	4110
2353	4066
2353	6536
2353	439
2353	2602
2357	4705
2357	3983
2357	3417
2360	6601
2361	5090
2361	2955
2361	4876
2361	7036
2361	9973
2363	8189
2365	6451
2369	3672
2375	2689
2377	3814
2378	3814
2383	8680
2385	6886
2385	5351
2385	5326
2385	7054
2386	4327
2386	3336
2386	4907
2387	6266
399	5885
2396	4235
9958	7745
2406	7813
2416	8059
2420	5596
2422	7745
2422	5253
2422	3215
2422	7184
2422	7955
2422	5306
2422	3963
2422	3453
2426	4691
1771	4295
2440	3522
2440	5701
2440	3275
2440	4665
2440	2522
2447	4199
2447	5078
2447	7961
2447	924
2448	6281
2448	4238
2448	3452
8600	5977
2450	3347
2450	5982
2454	7152
2455	2534
2457	3492
2457	4711
2457	4295
2457	6477
2457	1070
2457	6415
2460	6418
2464	7929
2467	2887
2467	3027
2468	5725
2468	3941
2491	3883
2491	3762
2491	7582
2497	6695
2499	8117
2504	4838
2504	7239
2505	7050
2511	3737
2512	5859
2522	2762
2522	5201
2522	5339
2522	3850
2523	5242
2526	5351
2526	7976
2526	7185
2526	2618
2530	3949
2531	2751
2534	5927
2537	5090
2538	6297
2541	2769
2541	7475
1789	3453
2546	4417
2546	5668
2546	5301
2546	6680
2549	4164
2550	4721
2558	3036
2561	7584
2563	8018
9837	6040
2566	7904
2566	5294
2568	5022
2572	5982
2574	7970
2574	5981
2583	3487
2589	4610
2589	2618
2590	7366
1797	2866
1797	6558
2592	3185
2615	4026
2616	6779
2616	5469
2616	4511
2623	4587
2626	6448
2626	5325
2629	5883
439	6986
439	8181
439	4599
2636	5294
2638	3015
2638	4599
2638	2868
2638	6971
2643	3547
2651	5339
2659	3211
2670	9384
2673	3797
2673	3353
2679	4928
2679	3366
2679	5382
2679	6909
2680	6232
2683	2688
2683	4871
2683	3883
2683	7852
2684	6797
2684	4049
2689	4901
2689	5325
2689	6512
2696	4209
2697	5524
2711	5181
2712	6914
8645	5650
2727	1091
2727	7238
2727	5544
2727	4460
2727	3983
2727	3512
2727	4479
2746	5883
9825	6476
2751	3169
2751	5025
2751	7369
2751	4599
2755	4270
2755	5203
2755	4633
2756	7747
2756	5519
2757	4442
2757	7493
2757	5951
2762	6241
2762	5514
2762	8018
2762	6453
2762	7003
2762	4252
2769	3942
2769	5240
2773	5351
2773	8060
2774	6084
2776	7665
463	2783
2783	5026
2783	8176
2783	4729
2783	5051
2794	4424
2794	3015
2804	2817
2804	7798
2806	3519
2807	3790
2817	6892
2817	3871
2818	4907
2822	5384
2834	6737
2835	5810
2839	4644
2839	9145
2843	6914
2849	6242
2852	6821
2864	4933
2866	615
2866	3496
2866	4695
2866	6224
2868	6735
2868	5331
2869	3457
2869	5382
2869	4526
2869	6063
2869	5013
2874	5825
2875	3522
2875	3817
2884	3944
2885	7876
2887	7240
2887	6088
2887	4183
2888	5810
1847	4090
1847	4228
2895	3692
2895	5591
2899	6493
2904	5765
2904	6605
2904	7253
484	5215
2907	3028
2908	5982
2911	4832
2911	3299
2911	6792
2911	6745
2911	5596
2911	6943
2919	7667
2924	4487
2924	4296
2924	3400
2926	5339
2935	6266
2950	7951
2955	9130
2955	3699
2962	5058
2964	7582
2966	9129
2966	6878
495	4618
2975	3185
2976	3211
2988	3768
2988	222
2995	4796
2999	4417
3000	5615
3001	7899
3004	6384
3007	3235
3008	7654
3008	8742
3008	2251
3008	5306
3008	8060
3015	3020
3015	8060
3018	7284
3020	3789
3021	6971
3028	7573
3031	6159
3031	5181
3031	6175
3034	5078
3036	7235
3036	4072
3036	6064
3036	3656
3036	8073
3042	4280
3059	5399
3060	3883
3064	5589
3070	8760
3074	7747
3082	3299
3082	3737
3091	4412
3092	5917
3096	3944
3097	5917
3099	8075
3106	7794
3109	7976
3109	5933
520	3871
3128	5242
3128	3971
3131	6633
3142	3762
3145	4832
3145	4015
3151	4164
3151	945
3151	8037
3152	8085
3158	6585
3159	6734
3176	3385
3179	8037
3180	5790
3185	4327
3185	6107
3185	7004
3186	7889
3188	5033
3188	3768
3190	4565
3190	3612
3196	755
3206	4313
3208	5469
3211	5956
3211	4424
3211	7993
3212	6109
3222	3399
3222	8189
3223	6792
3223	6639
3223	5810
3224	3820
380	6569
380	5722
3231	5854
3235	5090
3235	4199
3235	3883
3235	7150
3241	3797
3242	5310
3253	4332
3253	5013
3254	3820
3260	6242
3265	5671
3267	7239
3271	5309
3277	4426
3281	6892
3281	7380
3282	4748
3282	4218
3294	5951
3299	5309
8742	4922
8742	5596
3312	4442
3283	4564
3327	6821
3328	4145
3331	3981
3336	3666
3336	9300
3336	8059
3336	3708
3346	5963
3346	6157
3346	5133
3346	4497
3346	5203
3346	4181
3347	6510
3347	5999
3347	4599
3347	6232
3357	7380
3367	7060
3367	4183
3367	7000
3368	3855
3377	3462
3379	7141
3380	5927
3385	5091
3385	7876
3385	4296
3385	3401
3385	397
3390	4534
3393	8179
3393	5069
3399	5797
3399	4101
3399	6706
3399	3546
3399	5724
3401	7556
3401	7185
3401	5301
3401	3519
3408	6159
3301	3467
3301	5526
3425	6842
3433	3516
3436	1025
3436	4933
3436	939
3436	8047
3436	3315
3436	4412
3439	3595
3445	6264
3452	5304
3453	4811
3453	4280
3457	9089
3457	4518
3457	6451
3457	5915
115	4511
3462	5384
3462	6380
3462	1231
3462	3546
3464	4216
3466	5013
3487	7171
3487	4933
3487	5126
3487	4746
3487	5981
3492	3558
3492	6146
3492	6260
3492	7190
3496	6696
3496	3855
3496	8692
3496	3813
3500	4110
3503	5514
3512	5382
3512	6633
3512	4139
3512	6748
3513	4256
3513	3699
3515	4296
3515	6804
3516	4417
3516	5033
3516	8176
3516	3543
3516	1627
3516	1021
3516	5214
3519	7867
3522	7716
3522	8137
3522	1098
3540	3746
3540	6563
3540	6992
590	5203
590	7036
3543	6448
3546	4169
3546	3595
3546	3758
3547	889
3568	7582
3568	6182
3568	4487
3575	6792
3588	1202
3588	6005
3588	4184
3594	4066
3595	9129
3595	7029
3597	4325
3614	6001
3614	5689
3614	4280
3621	5181
3626	6384
3633	6476
3640	5615
3640	6493
3645	4199
3645	7375
3645	7889
3650	6169
3660	4112
3662	7821
3662	4270
3665	4624
3675	5958
3686	7067
3690	5854
615	7219
3692	4426
3692	4047
3698	6757
3698	4818
3698	6619
3699	6341
3699	4695
3708	7394
3709	3983
3712	3817
619	5214
8208	5524
3720	3797
3734	5378
3734	5464
3740	5544
3757	7211
3758	7653
3758	5999
3763	4442
3765	5099
3771	4682
3775	5915
3780	4564
3781	4485
3788	4313
3789	6086
3789	4479
3794	8088
3796	6971
3797	6980
3820	703
3826	4072
3836	4072
6103	6811
3855	8900
3855	5413
3855	4073
3855	4085
3855	4314
3855	5214
3866	7876
3866	5701
3871	4479
3877	4638
3883	7809
3888	6779
3900	8007
3900	7662
3900	4377
1221	8073
1221	7581
3907	7141
3913	5145
3920	9130
8846	6709
3942	7077
3942	5457
3942	9269
657	7769
657	4324
3944	2707
3944	7662
3963	4751
3963	4792
3967	4682
3971	6957
3971	4073
3971	5933
3971	5885
662	5611
3979	5529
3983	4259
3983	6116
3983	5318
3983	5907
3983	8059
3990	6376
3994	4433
4005	5317
4007	7145
4013	6553
4015	6109
4019	6232
4032	9446
4032	5384
4032	1145
4039	4620
4046	6696
4046	6897
4047	7171
4047	6999
4047	7484
4053	5589
4066	5761
4066	6182
4066	4682
4073	1289
4073	7036
4075	6745
4079	7789
4082	6723
4084	5099
4084	4871
4088	5294
4090	5108
4090	4154
4092	5384
4104	5549
4108	7789
4110	6448
4112	8930
4112	6891
4118	5078
8880	4424
4139	5761
4139	4209
4143	6696
692	6283
692	7260
4164	4401
4164	7185
4168	6420
4169	4564
4181	4238
4181	9108
4182	4296
4182	7054
4182	4312
4182	4633
4184	7970
4184	4235
4190	5253
4195	8930
4199	5825
4199	7077
4209	6893
4209	4633
4209	6553
4211	4280
4212	6735
4214	4412
4216	4933
4216	6159
4217	4325
4217	4618
703	8915
4228	5045
4234	5276
4235	6695
4238	5611
4238	6039
4238	5885
4242	6040
707	6588
4246	4460
8900	5304
4256	6821
4260	5890
4260	4950
4267	4905
4267	7188
4270	6599
4270	6635
4270	7471
4270	5469
4271	5317
4280	7594
4283	5069
4289	5514
4289	5215
4295	755
4295	5078
4296	6328
4310	7665
4311	5854
4313	1008
4316	7504
4323	6832
4323	7222
4323	6588
4324	5318
4324	6536
4324	6569
4324	924
4324	5165
4324	7451
4324	7644
4325	7158
4327	4381
4332	7590
4332	6160
8915	5181
4341	5591
4343	4426
4361	5058
728	929
728	7727
4370	6696
3459	6735
4377	8187
4377	5885
4381	5469
4385	4810
4392	4644
4401	4650
4420	7573
4433	7460
4433	6266
4438	5099
4442	7876
4442	5549
4447	5097
4448	6253
4452	6224
4456	7158
4460	7638
4463	7852
4464	9320
4464	7818
4464	8179
4464	6804
4465	5926
4468	6418
4476	5051
4479	4609
4483	4587
4485	7667
4485	7188
4487	4595
4490	5689
4492	6026
6151	4711
4511	7005
4515	5648
4525	5304
4533	5907
4542	7150
4550	7171
4569	5126
4572	7813
4572	9388
4578	7054
4595	6976
4595	6303
4599	7638
4607	7050
4609	4705
4610	6952
4618	8088
4620	922
4622	4638
4624	1042
4624	5982
4630	7471
4633	7462
4638	7758
4646	1098
4650	7447
8487	4871
4655	4811
4661	7727
4661	6302
4663	5309
4676	4621
4676	5775
4676	5304
4676	5413
4682	6224
4682	7380
4684	4832
4685	4838
4685	9130
4685	6958
4699	5724
4702	7036
4709	7145
4711	4950
4711	5078
4721	5671
4721	6954
4721	7082
4721	7146
4729	5790
4746	1025
4746	5797
4746	5733
4746	6415
4749	5961
4749	6482
4749	7939
4749	6965
4749	5855
4777	6366
4781	7152
4781	6558
4782	7584
4793	6226
4796	5526
4817	6784
4828	5201
805	5079
4832	5854
4853	6109
4853	7003
4853	7005
4871	7109
4871	5278
4876	6587
4894	6885
4894	7581
4905	8125
4918	5963
4923	6757
4924	7366
4932	6260
4933	7904
4950	6169
5005	5242
5007	7138
835	9129
835	5469
5026	6548
5026	5859
5033	5192
5038	6737
5043	9384
5045	5491
5057	5883
5058	6262
5062	5249
845	7284
5072	5529
5085	6811
5090	6656
5090	6951
5090	7852
5090	6266
5090	8187
5090	6972
5093	6842
5113	7308
5126	5926
5126	7471
5135	5304
5139	6680
5139	5883
5163	6330
5176	7360
5181	5382
5181	7239
5201	6832
5201	6453
5203	5252
5203	5298
5207	7769
5215	6705
871	5591
5232	5648
5242	5611
5252	6705
5252	6451
5253	8007
5258	6599
877	5331
5284	5926
5294	9129
5294	6419
5298	7360
5298	7400
5298	6779
5306	6303
5310	7706
5317	7716
5317	7432
5318	7591
5318	6804
5326	7138
5326	7099
5331	7040
5331	6297
889	6629
5346	7955
894	8187
5367	6587
5375	6958
5382	263
5384	7493
5384	7889
5412	6733
5413	5952
5428	5999
5442	7021
5442	6477
5448	6211
5464	1552
5464	6119
5491	7393
5505	7235
5514	6330
5524	7308
5524	5652
5529	6838
5544	5736
5549	5883
5582	1098
5582	5589
5582	6811
5589	6343
5596	6078
5608	6241
5611	7976
5615	7336
5624	8060
5624	7188
5648	8075
5648	7451
5653	3895
7771	8187
5668	6695
5689	5907
5689	6645
5689	6963
5707	7818
5714	7769
5720	8088
5724	7202
5724	5917
5736	2503
5737	6084
9151	7308
5761	7376
5762	7104
5770	6605
5775	6453
5785	7753
5785	7253
5810	6737
5810	6169
5825	7779
5827	7190
5854	6986
5854	7380
5855	7929
5859	7929
5861	7727
5868	6366
5885	8056
5890	6053
5890	6718
5907	6830
5915	7794
5917	7813
5933	7594
5956	7582
5959	7573
5963	7706
5963	8189
5979	7958
5982	6284
5998	6281
6026	6384
6034	6281
6040	6818
6040	6260
8930	7393
6054	8056
6072	7040
6084	7239
6084	7211
1015	7745
1017	6328
6113	8085
6123	7970
6159	8076
6160	7493
6169	7939
6169	6736
6171	6893
6202	6803
6211	7706
6211	6380
6214	6733
6224	6733
6232	6387
6241	8047
6241	6998
6249	6736
6260	6319
6283	7891
6330	7447
6341	7939
6350	8125
6380	8018
6380	7475
6384	7782
6384	7137
6384	7730
6394	7238
6406	7504
6415	7654
6418	6971
6443	6477
6444	7462
6448	6553
6465	7821
6476	7004
6542	6914
6552	6999
6553	8157
6575	6757
6581	7889
6585	6799
6598	7745
6619	6737
6633	6897
6655	7993
6680	6957
6682	8073
6709	7345
6720	7493
6723	7904
6740	8137
6745	7366
6745	7050
6792	8030
6826	6958
2503	7054
6838	7150
6838	7955
6866	7716
6874	8056
6886	7345
6892	7644
6897	7484
6914	7284
2521	7202
6944	7594
9350	7706
6954	7394
6992	7504
6993	7202
6999	7238
6999	7277
7003	7202
7029	8175
7050	7308
7054	7067
7121	7475
9388	7747
9388	8117
7219	7821
7219	7284
9515	7353
7235	7382
7240	7667
7248	7951
7353	8056
7400	7993
7553	7818
7590	7743
7662	7862
7667	8047
7730	8179
7749	8176
7821	7929
7899	8157
7904	7911
8007	8066
