8193	195
8193	9516
8193	816
8193	1940
8193	5210
8193	1023
2	5657
5	1873
6	7158
8	933
8	6765
8	9614
8	8785
8	7350
8	2936
8	8796
8	4606
9	5794
9	1563
8202	5997
11	3752
12	6210
12	9128
12	7083
12	2733
12	3506
12	6690
12	5972
12	8250
14	2619
14	2639
15	7610
8211	5825
21	6490
22	9492
23	7348
25	8084
26	8133
27	6560
27	1176
27	451
27	1643
27	175
8220	8824
29	5634
29	2971
29	1254
29	4010
29	655
29	9586
29	3317
29	1368
29	7610
29	1563
8197	9746
32	5762
32	6422
32	8614
32	8839
32	685
32	1617
32	6004
32	2550
32	1401
32	9242
32	4287
32	7038
32	4159
33	5568
33	8034
33	3748
33	9509
33	8258
33	8015
33	4026
33	9852
33	5823
35	3196
36	4928
37	743
38	868
39	2664
39	2183
8232	2020
8232	5253
8232	2989
8232	868
8232	9851
8232	2972
42	9989
42	5525
43	2583
45	5014
8238	937
8241	394
8242	933
51	5279
8245	850
54	8958
55	9059
55	6559
8248	5633
8248	6339
8248	3752
8248	7913
8248	6315
8248	8877
8248	2200
8248	9179
8248	4287
8250	3336
8250	2092
8250	8464
8250	2708
8250	4758
8250	351
62	8000
62	500
63	428
64	6471
8258	926
8258	7921
67	8333
68	2183
68	7013
68	2151
69	6471
8262	4070
8262	6407
8262	1163
8262	3694
8262	5362
8262	7830
8262	6361
71	5455
72	4530
73	447
75	2875
76	6459
76	3228
77	2458
78	6177
78	391
78	3083
78	2988
78	9647
78	7927
78	4664
78	7711
78	4988
78	2111
79	3377
79	6467
80	3936
81	8833
82	3574
82	6791
85	7304
85	2186
85	427
85	4780
85	9553
85	8700
85	7018
88	7921
88	4147
89	4258
8282	3808
91	481
91	8014
8285	5413
8285	4138
8285	7438
8285	271
8285	496
8285	6168
8285	3410
8285	9176
8285	1176
8285	8153
8285	8602
8285	1116
8285	4382
94	7812
8287	5014
8288	192
8288	5861
8288	682
8288	586
8288	5036
8288	1873
8288	6418
8288	3187
8288	250
8288	314
8288	1566
8288	8549
97	8632
97	8742
98	1850
98	6165
99	8475
100	5736
100	5525
101	3692
101	5997
8296	6706
106	4080
106	49
106	4828
106	2510
108	5442
115	8056
115	5579
115	4973
115	195
8308	3400
117	3358
8311	6497
121	5090
121	798
122	1312
122	6849
122	3300
122	5765
122	5001
122	5450
122	4811
122	5010
122	2031
122	1776
122	2354
122	2613
122	7936
8315	4064
125	7592
125	8744
125	1099
125	6445
125	7013
8319	7649
8319	5830
8319	5521
8319	1228
8319	7665
8319	3678
8319	9273
8319	473
8319	4986
8319	4187
8319	3998
8320	6934
8321	1776
131	8043
8324	3448
8324	6880
133	8155
133	1094
133	4390
133	3082
133	6124
133	1295
133	211
133	2452
133	9429
133	7002
133	4251
8327	481
8327	195
8327	886
8327	5958
8327	6209
8327	5961
8327	8618
8327	6157
8327	750
8327	5455
8327	8688
8327	342
8327	4473
8327	2058
137	9792
138	8592
8331	2395
140	8773
8333	8160
8333	6439
8333	9546
8333	5842
8333	1937
8333	8562
8333	1492
8333	6582
8333	4412
144	8379
144	1612
147	7693
149	891
150	3889
8344	8628
153	7348
8346	2531
8346	3078
8346	2248
8346	269
8346	207
8346	4976
8346	8145
8346	2578
8346	3363
8346	1336
8346	9372
8346	6045
8346	2962
8347	7594
8347	3880
8347	8586
8347	2414
8347	488
8347	2196
8347	234
8347	2239
8349	7620
8349	748
8349	7438
8349	3119
8349	6737
8349	3893
8349	7133
159	5234
161	8628
161	4462
162	2742
162	5831
162	1419
162	7825
162	9494
162	3991
162	2842
162	9116
162	829
162	6654
164	8008
164	4492
165	9801
165	743
8359	6018
8359	2595
8359	645
8359	5867
8359	7480
8359	6706
8359	6771
8359	2937
8359	5368
8359	3609
8359	1082
8359	4799
8359	1210
8359	1221
170	7120
8363	6880
172	2381
8365	5531
8365	8651
8365	5038
8365	4815
8365	4021
8365	5695
8365	6207
8365	2399
8366	6593
8366	7818
8366	5117
8366	5565
175	8379
175	1286
175	5639
175	8459
175	1265
175	7866
175	6783
176	2460
177	3866
178	4201
180	5997
8373	9870
8376	6177
8376	7693
185	6883
186	5579
8379	2145
8379	4420
8379	2545
8379	1681
8379	1784
1370	7552
189	2700
189	8446
192	1667
192	966
192	5966
192	9777
192	9902
192	4605
192	2366
194	5825
195	8006
195	298
195	1168
195	8479
8389	3177
8391	992
8391	6571
8391	9133
8391	7438
8391	3631
8391	6450
8391	3758
8391	1942
8391	1626
8391	5213
200	7660
201	9885
205	6259
205	798
207	9809
210	8008
211	3106
211	9379
211	5005
211	5486
211	4657
211	3226
212	9059
213	6519
215	2421
216	6453
219	7392
220	2151
8229	9429
8416	7471
226	9153
227	8824
227	1505
227	555
228	9676
230	784
233	8025
234	3255
235	7304
235	8500
235	9263
236	5861
238	3476
239	4070
40	3796
8434	2048
8434	6282
8434	9174
8434	8575
8436	6207
245	1063
8439	4525
250	6752
250	4867
250	3268
250	385
250	1613
250	8030
251	6157
252	541
252	9422
252	8991
8446	5513
8446	3969
8446	9801
8446	5258
8446	3308
8446	6893
8446	9493
8446	6070
8446	2391
8446	2745
8446	5117
8446	9813
8447	9259
256	6651
257	864
257	6162
259	4258
259	5718
8454	9809
263	6752
265	7606
8459	5955
8459	7913
8459	6220
8459	8078
8459	3600
8459	4050
8459	3358
8459	6999
8459	6521
8459	3739
8459	8030
268	9512
269	5721
271	8849
271	2793
271	3843
271	8775
8464	5664
8464	801
8464	5185
8464	2056
8464	6305
8464	3630
8464	5149
8464	474
274	7665
1411	3979
8468	451
277	1123
278	4064
282	4323
282	7495
282	810
282	6703
282	6640
282	945
282	3186
282	8030
8475	3176
8475	6107
8475	2063
8475	6485
8475	4569
8475	1498
8475	2267
8475	1822
8475	5279
286	5784
8479	5380
8479	5734
8479	6598
8479	7595
8479	9779
8479	7251
8479	5301
8479	2553
8479	4606
8479	5749
288	2688
290	2301
291	4313
294	6920
295	1001
295	8796
295	49
295	358
295	9743
298	1224
298	2745
298	8427
299	6264
299	394
8492	2756
8492	8773
8492	4456
8492	7241
8492	2733
8492	1366
8492	3226
8492	6651
8492	3356
8492	4058
8493	5592
8493	3866
8493	4525
8493	4557
302	2448
304	3738
306	2925
306	4046
306	5073
306	6930
306	9020
306	6207
8500	3393
8500	9571
8500	1221
8500	2444
8500	1297
8500	1426
312	6537
313	5632
315	9453
316	8657
317	5096
317	4290
317	3610
318	2239
319	5308
8512	7365
8512	8744
8512	3436
8512	750
8512	5391
8512	5042
8512	7165
8512	5279
322	3199
324	3694
328	6213
330	8632
330	6430
332	5279
56	1626
338	7892
8532	4064
341	3106
341	1822
8535	5637
8535	8135
8535	7501
8535	2702
8535	1941
8535	5657
8535	3933
8535	1205
344	810
345	2619
345	1445
8538	9703
9286	6771
349	1401
350	5490
350	8613
8544	2056
8544	3553
8544	2186
8544	8788
8544	1957
353	2733
8546	2930
355	2240
355	5442
355	4523
355	4046
355	3986
355	9686
355	5337
355	4799
8548	931
8548	3045
8548	5350
8548	8167
8548	2155
8548	7790
8548	9809
8548	2870
8548	2072
8548	6331
8551	9809
362	4097
362	7909
362	6189
362	366
362	1807
362	7186
362	7896
362	591
362	7327
364	1786
365	3663
366	2183
367	5074
369	2893
8562	3008
8562	7332
8562	1256
8562	4010
8562	3319
8562	3448
8562	1476
8562	4442
373	4764
378	895
379	4628
381	9581
382	3448
382	2977
382	5528
382	7621
382	6649
383	9078
384	5572
384	6582
384	1223
384	4054
384	984
384	9145
384	2461
385	5861
386	7569
386	8031
386	1521
386	1223
389	8592
394	4227
394	7058
394	700
394	6589
8587	4456
396	3979
400	3205
8594	8609
405	6752
405	2452
409	5868
8603	1441
8603	6849
8603	7566
8603	7445
8603	6519
8603	4345
8603	6970
8603	2078
413	8342
8606	6849
8606	3746
8606	9989
8606	744
8606	8586
8606	5195
8606	2701
8606	8470
8606	5691
416	1776
8609	6706
8609	5868
8609	2671
418	6430
419	2910
419	3591
8613	8832
8613	9686
8613	7117
8613	6422
8613	5785
423	6490
423	3539
424	7131
8618	3040
8618	8129
8618	2242
8618	9198
8618	3399
8618	2990
8618	2256
8618	1342
8618	6836
8618	757
8618	3609
8618	6686
8618	6462
8618	7125
427	4126
427	8781
428	2688
428	9452
428	3250
428	5693
428	4606
430	3971
8623	8921
433	744
434	1822
435	5350
435	6791
435	6483
435	1223
435	1964
435	3411
435	1975
8628	2531
8628	4262
8628	9801
8628	7348
8628	2072
8628	473
8628	4255
439	6582
8632	3297
8632	1765
8632	8683
8632	4172
8632	5486
8632	1362
8632	2190
8632	3094
8632	7575
443	2635
443	1292
443	1327
444	5578
445	6976
445	3843
445	6532
445	8455
445	3506
445	5139
445	1908
445	3382
8638	2144
8638	6081
8638	1445
8638	3431
8638	3347
8638	3792
8638	2387
8638	4628
8638	916
8638	4538
8638	8157
8638	8958
447	6792
447	3882
447	9259
447	2477
447	602
447	2076
448	472
8641	2702
450	8832
450	4002
450	9807
450	3666
450	3567
450	2383
451	1223
451	3433
451	6955
451	7538
451	2815
452	2479
453	3864
453	5997
453	5499
453	4453
453	4927
455	5657
456	8014
8651	6082
8651	1095
8651	6956
8651	2926
8651	4886
8651	6042
8651	3644
460	3281
8657	5347
8657	3900
8657	2119
8657	7435
8657	5556
8657	2457
8657	4764
466	4313
467	3998
468	4378
469	3013
472	2656
472	6124
472	4975
472	1369
472	3834
473	9056
473	6945
473	9647
473	1843
473	7956
473	3572
473	7357
475	2239
8668	9728
8668	2658
8668	3820
8668	1579
8668	5452
8668	3575
8668	8157
477	6459
479	6242
479	8137
479	1525
479	7131
479	6462
479	7327
480	4977
481	1448
481	1987
8674	4952
483	7892
486	3843
487	1401
489	9079
8683	7348
493	5274
493	5669
494	2825
494	3493
8687	1028
8687	9325
8687	9053
8687	6064
8687	8947
8687	4247
8687	1981
496	6560
496	784
496	3153
496	3448
496	3199
9640	3714
9640	1606
9640	8775
9640	4973
9640	5390
9640	4369
9640	2258
9640	9176
498	9485
500	3075
500	9878
8694	9153
8694	1378
8694	3268
8694	940
8694	7858
8694	4403
8694	6585
8694	2815
8694	1119
503	7784
505	7292
506	3144
509	7129
509	7447
8704	859
8704	6259
8704	1427
8704	3853
8706	6467
8706	3462
8706	3916
8706	3663
8706	1680
8706	2136
8706	1629
8706	1182
515	6076
515	4453
515	4605
516	940
517	1664
517	7461
520	7327
522	8714
522	6483
523	3991
525	3614
526	3228
8724	2056
8724	4394
8724	6612
8724	3806
533	8958
535	1401
537	3936
537	1378
537	1484
537	7276
537	5721
537	8958
540	7586
540	5096
540	1164
540	3144
540	4628
540	3738
540	4606
540	5759
541	8833
541	9196
541	1513
8734	2391
544	3433
544	5563
8738	2700
547	8157
548	4921
548	4530
8742	3810
8742	2657
8742	743
8742	855
8742	4606
551	4835
8746	4628
555	1099
555	4070
555	8342
555	4095
8749	9404
93	7289
560	7348
562	9056
565	2140
566	4149
570	3640
570	3177
570	7336
570	3820
570	2183
574	5669
96	2196
8770	2825
579	2248
8772	3864
8773	9290
8773	4557
8773	7726
8773	5970
8773	7564
8773	7957
8773	9418
8773	826
8773	1658
8774	1937
8775	6246
8775	743
8775	9010
8775	3438
8775	850
8775	4339
8775	7706
8775	1150
8775	6015
584	2228
8777	6210
8777	5540
8777	9810
586	8107
586	5220
586	7109
586	6379
586	5804
586	5005
586	6037
586	2296
587	9090
8781	3971
8781	1445
8781	3597
8781	2255
8781	8016
8781	1827
8781	5430
8781	1244
590	3131
591	4984
591	3716
591	6731
591	3300
592	9492
594	4801
594	2477
8790	5360
8790	9954
8790	5284
8790	2056
8790	1001
8790	9386
8790	4816
8790	7832
8790	4090
600	6988
600	2495
601	3729
602	6144
602	2656
602	2598
602	3814
602	8833
602	6858
602	1248
602	6162
602	9404
602	3358
8795	2688
8795	8129
8795	3283
8795	2673
8795	5138
8795	947
8795	7388
8796	7392
8796	1219
8796	6822
8796	3624
605	6880
608	8080
608	3444
608	8156
608	2613
609	6910
611	6264
614	5507
615	4984
618	1692
8811	5736
8812	3177
621	6278
625	5889
625	1380
625	1606
625	4938
625	3255
625	3614
625	8895
626	3513
8819	6459
8819	8947
628	7837
628	6471
8824	1700
8824	9352
8824	1481
8824	7914
8824	2772
8824	5525
8824	3836
8824	7006
8824	3967
635	5049
636	4572
636	6124
638	6910
8832	1953
8832	5058
8832	1873
8832	9737
8832	4449
8832	8145
8832	8148
8832	8215
8832	2754
8832	762
8832	1434
8832	6463
8833	4227
8833	1637
8833	5448
8833	6280
8833	2700
8833	2960
8833	3870
642	6577
642	4663
642	8803
642	926
642	3889
643	5955
644	8034
644	2499
644	2086
644	8105
644	4117
644	8087
644	8025
8839	2357
648	5825
648	4538
8841	5117
8843	9984
8843	3826
8843	2893
8843	6765
8843	6866
8843	3993
8843	4569
8843	2010
8843	1563
652	4624
652	2596
652	2838
653	7550
653	7166
655	6920
655	3075
655	7292
655	5095
8849	5060
8849	4071
8849	4077
8849	4942
8849	1937
8849	8860
8849	2366
658	4606
8851	1088
660	1401
660	5253
8854	6945
8854	3971
8854	4230
8854	1738
8854	1941
8854	4342
8854	8729
8854	5979
8854	7645
663	2510
667	4050
8860	5861
8860	7014
8860	8467
8860	3730
8860	1805
8860	3474
8860	1875
8860	9594
672	6532
673	4312
8867	6401
676	9676
677	1448
679	7393
682	2512
683	3858
683	6478
683	5822
683	6439
684	1613
685	4928
685	6883
689	3133
690	7782
691	6210
692	9902
693	5451
8886	7892
8887	6532
8887	3434
8887	1612
8887	3094
8887	5690
8887	7070
8888	6278
8891	9047
700	1176
700	3433
700	3639
700	9809
8895	2595
8895	9931
8895	2957
8895	1134
8895	5234
8895	6612
8895	6650
8895	5983
705	5955
705	2838
705	4046
707	6483
711	9581
711	1294
9676	4713
9676	7437
9676	2670
9676	9233
9676	3250
9676	9875
9676	1975
9676	6047
8906	9221
715	1256
718	6588
8911	4839
720	8145
8913	1776
8914	4313
8914	4026
8918	9065
727	6462
728	4910
8921	3584
8921	6563
8921	7135
8921	7094
8921	3609
8921	2619
8921	9885
8921	2239
730	9065
731	4877
731	4255
732	832
732	4188
732	6154
732	5868
732	5822
733	4010
8927	1499
736	2616
736	5525
8933	787
8933	6081
8933	1023
8933	5670
8933	9071
743	8160
743	8014
743	4272
743	3834
744	6118
744	2110
744	7696
744	1182
9572	2239
746	5721
746	4530
746	2421
746	4126
746	7077
747	3298
748	6640
750	8043
750	4024
750	3124
750	1685
750	7158
750	4984
750	2228
8317	9181
8947	8107
8947	9404
8947	4342
756	2756
758	1324
764	8578
765	1700
8958	8000
8958	810
8958	3660
8958	2964
8958	9562
8958	2716
8958	8949
8960	1394
770	4050
771	6626
771	9989
771	8583
771	3849
771	6731
771	5868
771	891
771	4255
772	6592
772	2497
772	1123
772	6017
772	5139
772	4791
775	6459
776	3196
778	3843
778	3045
778	4839
778	2382
778	7575
778	3964
778	2597
779	3482
783	3434
783	3706
784	2512
784	7402
784	5161
785	4683
787	9022
8983	2497
8984	2497
8984	2915
8984	4010
8984	2316
8984	2734
8984	6962
8984	1176
8984	1690
793	6335
797	1119
798	6880
798	5794
798	6755
798	9703
798	3434
798	2421
798	2744
798	810
800	3669
801	7332
801	3228
801	2838
8997	8803
8998	1475
8998	167
8998	4840
8998	2556
8998	8455
8998	3751
8998	9878
8998	2231
8998	5563
8998	1244
808	2597
808	1327
9001	5721
810	3525
810	1292
810	4973
810	7224
810	6548
810	5049
810	4378
810	7071
135	2700
817	7039
818	5077
9011	9809
9012	5493
821	1887
825	1369
829	6593
829	9097
829	8427
829	4815
829	977
829	4713
829	4986
829	9181
9022	9505
9022	9090
9022	8100
9022	1223
9022	7443
9022	7303
9022	9587
9022	5140
9022	3448
9022	2460
831	2409
831	4188
833	1366
835	4698
836	5997
838	2890
9031	3008
9031	7461
840	6336
840	4050
840	1294
840	977
840	1362
840	7322
840	2078
9033	7357
842	3476
845	6336
845	3216
845	4772
845	9636
845	3853
847	2183
849	1524
849	1063
850	4416
850	3109
850	9766
850	3925
852	4952
852	4799
852	3070
852	2183
854	3864
854	7131
9047	1657
9047	3195
9047	2196
9047	2004
856	6755
857	9429
860	4698
9053	4671
864	2616
864	3008
864	6563
864	5876
865	9870
866	4778
9059	7521
9059	3426
9059	6888
9059	9801
9059	9130
9059	1362
9059	7804
9059	7133
9059	5151
868	945
868	1692
868	5718
869	3106
869	9703
869	2664
869	2482
869	7549
869	1822
9062	4713
9064	4247
9065	6256
9065	9316
9065	6758
9065	2409
9065	2890
9065	1612
9065	8015
9065	3216
9065	7186
9065	3614
874	2578
9070	2619
9071	8080
9071	3944
9071	5199
881	2755
881	2151
883	5572
9076	2534
9076	7402
9076	6124
9076	6710
9076	4698
9076	9532
9078	6020
9079	6401
9079	6310
9079	9291
9079	2930
9079	5353
9079	4249
9079	2940
9080	1088
891	4288
891	6316
891	5549
891	5454
891	3024
891	9910
892	7958
895	1868
895	7341
895	5455
895	1394
895	9336
895	6717
896	9386
9090	8097
9090	5762
9090	2689
9090	2216
9090	5432
9090	1914
899	3411
8342	4642
8342	2955
8342	6756
8342	2154
8342	2421
8342	6463
904	9562
9097	3640
9097	7921
9097	3382
9097	3143
9100	9290
9100	8043
910	5762
910	1445
911	7013
912	1426
913	2381
915	8578
916	6755
921	6124
9114	9056
923	9766
923	7784
923	3472
923	2260
923	8181
923	2072
154	2962
926	984
926	8008
926	9277
9120	7956
930	1164
931	1873
933	7304
933	9278
933	3454
934	2643
935	9352
937	3864
937	6242
937	6118
937	4303
940	3525
940	5864
940	7472
940	9809
940	1682
940	5822
157	6327
944	1401
944	5693
945	9422
946	7026
947	5096
947	6465
947	3411
947	9336
948	9516
952	3143
9145	7784
954	5721
9147	4525
956	2969
957	4594
957	9428
9150	6017
9150	4881
9150	6344
9150	5583
9150	6897
9150	8443
9150	4478
5621	3355
5621	2726
5621	6598
5621	6151
5621	3144
5621	9801
5621	5420
5621	1070
5621	1489
5621	6965
5621	4763
9153	1472
9153	2497
9153	7402
9153	5900
9153	1427
962	7393
962	5955
962	5669
962	6118
962	2955
962	7892
962	3414
962	7294
964	1176
965	5234
967	6640
969	3228
969	7357
9163	7569
9165	7117
974	3255
977	9505
977	5026
977	3747
977	2461
978	4594
980	1031
981	6157
9174	3525
9174	8030
9174	1383
984	5095
984	3278
984	5077
984	1787
9179	1220
9179	8102
9179	9807
9179	5778
9179	6004
9181	3300
9181	7877
9181	5671
9181	7087
9181	5079
9181	7706
991	4984
9186	4624
9186	9562
995	5442
996	3882
9190	4594
999	7866
1000	3255
1001	6076
1006	3106
1006	1322
1006	8015
1009	1865
1013	8101
1014	9453
1016	5253
1016	3182
1017	8757
9727	2553
1022	5861
1023	6961
1023	5970
1023	9844
1023	2074
1026	3810
1026	4453
1026	9672
1026	4973
1026	5455
1026	4569
1026	3901
9219	4368
9219	6565
9219	3787
9219	7725
9219	3567
9219	3216
9219	3281
9219	3090
9219	5493
9219	5915
1028	5506
1028	9512
1028	9386
1028	9259
1028	4624
1028	4538
1028	3983
9221	4416
9221	1826
9221	6148
9221	4386
9221	7279
9221	3255
9221	2232
9221	7866
9221	1822
1030	9587
1031	7120
1031	7405
1031	1182
1031	4709
1036	6552
1036	7393
1040	6920
1043	3726
1047	4095
1048	6650
1049	6792
9242	1843
9242	2962
9242	1623
9242	3255
1051	8025
1051	4484
1052	7251
1055	3434
1055	7971
1055	7914
9248	8034
9250	2240
9250	1861
9250	7341
9250	9614
9250	7706
9250	4220
9250	7357
9250	5694
1060	5253
1060	5095
9254	6210
9254	8803
9254	2825
9254	8043
9254	2956
9254	1250
9254	3826
9254	3221
1063	2240
1063	3584
1063	3075
1063	6500
1063	1861
1063	5952
1063	6529
1063	8504
1063	8907
1063	4204
1063	6350
1063	3983
1063	7768
1063	2811
1063	1333
9257	6242
9257	7464
9257	2825
9257	1678
9257	5199
9257	9492
9259	6752
9259	3936
9259	5187
9259	9023
9259	958
9259	2902
9259	3070
1068	2553
1068	9413
1069	7026
9263	7461
9263	5095
9263	6988
9263	1678
9263	6098
9263	3291
9263	7229
1075	9807
9269	7575
1079	7509
9272	9291
1081	1896
9275	3059
9277	6242
9277	3669
1088	6209
1088	3308
1088	9581
1088	2382
1088	3952
1088	6259
1088	7604
1088	6328
1089	2448
1091	3564
1092	8043
1093	6640
1093	5864
1093	9507
1093	4204
1095	1621
1095	2357
1095	2763
1095	1613
9288	1975
5644	6328
9290	7969
9290	3148
9290	2125
9290	3952
9290	7987
9291	2050
9291	5861
9291	3687
9291	6856
9291	5065
9291	4727
9291	3957
9291	3993
9291	4026
9291	5980
9292	2452
1102	4378
1104	3133
1105	4642
1106	3752
1106	6020
1109	9528
9304	1401
1114	3880
1117	2493
9310	2838
1119	417
1119	4290
1119	3174
1123	8008
1123	6259
1123	4564
1123	1979
9317	3308
1126	7353
1126	5451
1128	1427
1128	9878
9323	2875
9323	2145
9323	3003
9323	6459
9323	5449
9324	9429
9325	1921
9325	5138
9325	6052
9325	1876
1135	2357
1136	9913
1136	2357
1137	2183
1142	7610
9336	6335
9336	2391
9336	5503
9336	3838
1145	1513
1146	3738
1149	2186
1150	4624
1151	7120
1154	2811
1155	3979
9348	6532
9348	7461
9348	7366
9348	1099
9348	5391
9348	5776
9348	8183
9348	2140
1158	9422
9351	8008
9352	4066
9352	1448
9352	3689
9352	6858
9352	5996
9352	5628
9352	5822
1161	1602
9354	5861
1164	3337
1164	2890
1164	4492
1164	5038
1164	7247
1164	4977
9586	7074
9586	3875
9586	4583
9586	2579
9586	3199
1169	8101
8387	3500
1174	6259
1176	2179
1176	2629
1176	1256
1176	1292
1176	1966
1178	3584
9372	7381
9372	7925
1181	9902
1182	7371
1182	4268
1182	7327
1183	4803
9376	3952
9376	3177
9378	7158
1188	4484
9381	1612
1190	9870
1192	8034
9386	6979
9386	2920
9386	6889
9386	6223
9386	9587
9386	2010
9386	1532
1197	3476
1198	4201
1198	5714
1198	8140
1198	6654
1198	343
9393	4910
1202	5955
9396	7289
1207	4642
1209	4419
1209	2421
9403	2477
9404	6880
9404	6369
9404	8034
9404	4839
9404	9428
9404	7063
9404	7416
9404	4442
1214	2745
1218	8455
9413	6800
9413	6177
9413	6532
9413	8014
1223	2183
1223	3880
1223	3245
1223	7284
1223	5308
1228	1664
1228	9777
9422	6401
9422	6577
9422	2955
9422	9744
9422	4412
9422	2746
9422	2363
9422	3228
9422	8157
9423	9562
9425	1605
9428	7278
9429	2253
9429	1327
9429	3952
9429	2707
9429	9528
9429	4698
1241	7744
1241	2923
1242	9939
1242	6259
1242	5579
1244	3999
1244	1606
1244	6471
9437	6986
9437	2479
9437	9137
9437	6483
9437	2838
9437	3643
1247	1957
1248	3205
1248	1256
1248	6026
1248	6589
1248	2186
1250	2838
1253	5822
9446	4070
9446	5224
9446	3883
9446	4910
9446	3473
9446	2994
9446	3131
1256	3040
1256	6506
1256	3308
1256	4983
1256	5578
9453	8803
9453	3078
9453	1448
9453	1324
9453	9645
9453	6190
9453	3292
1265	7247
1265	6437
1269	7851
9462	4159
1271	1582
1272	3748
1273	5472
1273	7447
1275	7117
9469	2172
1278	2196
1278	5734
1278	4671
1279	4290
9473	5822
1283	5455
1287	1786
1290	7292
1291	3117
1292	2977
1292	7867
1292	7877
1292	4009
1292	3411
1292	5876
1292	5011
9485	9792
9485	3079
9485	6154
9485	6791
9485	5164
9485	9140
9485	5462
9485	7196
1294	5794
1294	1942
1296	6567
9492	3971
9492	4406
9492	4935
9492	3177
9492	6414
9492	6934
9492	7726
9492	6683
9492	2302
1301	8803
9494	6689
9494	5034
9494	5804
9494	5519
9494	7541
9494	4054
9494	1623
9494	8187
9494	4255
1303	3639
1309	4255
1311	3196
1313	5512
1313	4733
9507	6113
9507	2467
9507	2580
9507	6910
9507	8540
9507	3806
1319	8160
9512	3648
9512	5030
9512	9913
9512	4250
1322	4583
1322	3983
1322	3889
1322	2900
1322	1845
1322	5718
1323	6018
1323	7357
1323	7956
1323	1563
1323	5117
1323	4414
1324	2026
1324	6064
1324	2421
1324	6460
1324	8159
1327	7392
1327	603
1327	3796
1327	2140
1327	7133
1330	5049
1330	9962
9528	4419
9528	3853
9528	6010
9528	6815
1338	3196
9531	2640
9531	3418
9531	755
9531	5253
9531	5878
9532	3314
1342	5736
1344	9870
1346	2311
1349	3726
1351	8145
9544	5495
1358	5889
1362	7402
1362	9048
1362	2642
1362	9878
1363	2903
1364	2499
1364	7837
9557	3117
1366	4698
1368	3993
1369	4906
1369	7341
1369	6328
1369	3834
1369	9916
9562	5860
9562	6213
9562	5706
9562	4365
9562	2351
9562	4282
9562	4763
9562	2309
1372	3226
9565	7461
1376	8014
8422	6988
9574	7693
1383	7883
9581	2273
9581	6467
9581	8689
9581	9123
9581	2296
9581	3579
1390	1908
1393	8030
1394	5490
1394	3499
1394	2246
9587	4801
9587	8133
9587	1736
9587	3433
9587	6064
9587	6483
9587	4151
9587	8920
9587	6841
9587	7711
9587	9820
9587	1503
1399	1629
1400	3738
1400	4927
1401	9831
1401	6988
1401	9614
1401	7279
1406	6464
1407	1874
9601	4624
1413	4492
1415	7851
1417	5945
1417	2815
1420	5279
9614	8847
9614	4424
9614	3838
1424	4023
1426	3782
1426	9287
1426	2377
1426	1873
1426	7059
1426	6327
1427	7874
1427	4557
1428	1887
1429	7447
1431	5139
1437	6020
1437	3663
1438	3454
1440	4910
1445	4578
1445	5450
1445	8084
1445	7342
1445	8570
241	7289
241	3796
1448	5760
1448	6946
1448	6278
1448	9809
1448	7309
1448	3281
1449	1975
1450	7958
1451	2609
9647	1733
9647	1131
9647	3986
9647	4942
9647	5052
9647	2527
1456	6503
1458	2377
1458	4778
9651	1603
1462	4117
9655	5906
9655	3351
7141	7921
1470	8586
1476	6897
49	9743
1478	3117
1479	2260
1479	1700
9672	5058
9672	7909
9672	4231
9672	6920
9672	4682
9672	7051
9672	7471
9672	2131
9672	8575
9672	7743
1488	4248
1488	4988
1492	4628
9686	9862
9686	7502
9686	5239
9686	4984
1495	1942
1499	5693
1499	3574
1499	3119
1506	2078
1507	3880
1510	1957
9703	6819
9703	1592
9703	4212
9703	3640
9703	1957
1513	6880
1513	4739
1513	5572
1513	3669
9706	7278
1515	2968
1515	3704
8357	9810
1521	4838
1521	6445
1521	7055
1521	6455
1521	3704
1521	1887
1524	4208
1524	6955
1524	5052
1524	4583
1525	3462
1525	4159
1531	1613
1533	5507
1533	4406
1533	4835
9726	7744
9726	5266
1535	4026
9729	8757
1538	5718
1541	2977
1543	4839
9737	2795
9737	4677
9737	5915
9737	3979
9737	2093
9737	9294
9737	3117
9737	4599
9737	5211
9737	2815
1546	3377
1546	6758
1548	7868
9741	6324
9741	7039
9743	6883
9743	3782
9743	9810
9743	6499
9743	1588
9743	8191
8235	4628
9746	2760
9746	6728
9746	7342
9746	8008
1557	2811
1558	5825
1563	7471
1563	5168
1563	1987
1563	6710
1563	4379
9756	5794
9756	3781
9756	7435
9756	3729
9756	6066
9756	4083
9756	7892
9756	4124
9756	7550
1566	2395
1569	8133
1570	5530
9766	3144
9766	4456
9766	1953
9820	6588
8455	2762
8455	4117
8455	4207
8455	1629
8455	2366
8455	2815
1582	9030
1582	2026
1582	2903
1582	8281
1582	7210
9777	3040
9777	3013
9777	905
9777	9239
9777	3384
9777	9146
9777	9343
1588	6418
1590	7610
8457	2506
1593	3525
1597	5736
1598	2223
9792	6863
9792	5236
9792	7606
9792	2745
9792	4796
9792	6013
9792	7039
9793	4272
1602	7392
1602	7299
1602	5671
1602	3880
1602	4563
1603	6593
1603	7688
1603	4624
1603	6198
1603	1629
1605	3907
1605	1221
1605	1776
1605	7509
1605	1850
1606	4258
1606	5579
1606	3701
1606	4664
1606	6399
9801	8928
9801	4144
9801	7851
9801	2700
9801	6640
9801	4601
9801	4395
9801	6719
1610	5095
1612	3904
1612	3010
1613	7881
1614	5797
9807	8810
9807	6799
9807	2869
1616	1883
9809	2177
9809	9826
9809	7301
9809	4129
9809	2571
9809	6190
9809	2898
9809	5210
9809	3454
9810	1730
9827	7706
1622	3936
1622	3431
1623	7780
1623	550
1623	1545
1623	3820
1624	6651
1626	3177
1626	2391
1626	7276
1628	3853
1629	7204
1629	3447
1629	6247
1629	5534
9822	3078
1632	4988
1635	6064
1635	7114
1636	8024
1636	5530
1636	5830
1636	5350
1636	6791
1637	4963
1637	2308
1637	2825
1637	6897
1637	5464
1637	5724
1638	5945
1638	3669
1638	3351
9831	4272
9831	8156
1641	5579
1641	1645
1641	1678
9834	8570
1643	6033
9838	7393
8511	5830
1651	3889
9846	9913
9846	4066
9833	7604
1658	5117
9851	9989
9851	7881
9851	1964
9851	4925
9851	4080
9851	6650
9851	3866
1661	8142
1663	2597
1664	6464
1664	1883
1664	2110
1665	6324
1665	1941
9860	8586
1669	3967
1669	4733
1669	3669
1670	6612
1671	2382
9865	7114
1675	3045
1677	6157
1678	3726
1678	3539
1678	4117
1678	6485
1681	8129
1682	7204
1682	3462
1682	3281
1685	7353
9878	1762
9878	3916
9878	2934
9878	4988
1688	5096
1690	6888
1690	7210
1690	2397
1690	8129
1692	4248
1692	7538
9885	6976
9885	6122
9885	5431
9885	5164
9885	2448
9885	2217
9885	4702
1695	2228
1700	4453
1700	7242
1700	3692
1700	1873
1700	7251
1700	6070
1700	2458
1700	2833
1700	2462
1702	4594
1703	8570
1705	5049
1708	4530
1710	6577
1710	5979
1710	7379
1710	3572
1710	4023
1714	2172
8478	3216
1719	6015
9913	4835
9913	7782
9913	7689
9913	8044
9913	4530
9913	8124
9913	4863
1722	2663
9916	6278
9916	1898
9916	6830
9916	3061
9916	8024
9916	2426
1727	6560
1727	7440
1727	6072
1727	2256
1727	5165
1729	6537
9923	8100
1733	8078
1734	5610
9927	2010
1736	7353
9929	3652
9929	2609
9929	7516
9929	1237
9929	6278
1739	5997
1740	4378
1743	6070
9936	1898
9938	5138
1749	2664
1749	4642
1750	4952
1750	3441
1750	3106
1750	1786
1750	6439
1751	3070
9945	6654
9946	6437
1759	4227
1760	4456
1763	4830
1765	1850
1765	3133
9962	1923
9962	3767
9962	4952
9962	3161
9962	9884
9962	7039
9963	1099
1773	5906
9853	5955
1776	6020
1776	2664
1776	2955
1776	1800
1776	2446
1776	4886
1779	6588
9972	5337
1781	3528
1784	8757
1786	7913
1786	4778
1786	5486
1788	4973
1792	3124
1792	6278
1794	4462
9987	3849
1796	2417
9989	6497
9989	7851
9989	4698
9857	5966
1803	7431
1804	3153
1804	3090
1804	3843
1804	9244
1804	3462
1805	5945
1806	6976
1807	2056
1807	3431
9859	7706
1815	2902
1820	7874
1820	5455
1822	6805
1822	6483
1822	5781
1822	7546
1823	4763
1826	6976
1831	3971
1832	6124
1832	4927
1841	3808
1843	6336
1845	7868
1846	8030
1848	6118
1850	5350
1850	2025
1850	4105
1850	6072
1850	4251
1850	3228
1858	5797
1859	2903
1862	7395
1862	4183
1865	5892
1865	3525
1865	6314
1865	2578
1865	6597
1868	7909
1870	2140
1873	8686
1873	2815
1874	5472
1874	4977
1874	8141
1874	3729
1874	7322
9870	7289
9870	4313
9870	4957
1878	3738
1880	7447
1883	6791
1883	4303
1883	6064
1883	6418
1883	4117
1883	5945
1887	6880
1887	5637
1887	6791
1887	7052
1887	4054
1889	8056
1896	4024
1896	4066
1896	2488
1898	4628
1899	3716
1902	2417
1905	6976
1908	5443
1908	3493
1908	1261
1908	9327
1908	1724
1912	6144
1913	3648
1915	7353
1923	4290
1924	5096
1928	3281
1931	9505
1932	3957
1936	7575
1937	6593
1937	5281
1937	5671
1937	7516
1941	4010
1941	4941
1941	5486
1942	5519
1942	2495
1948	6771
1949	4149
1950	5014
1952	3454
1954	6430
1957	7331
1957	7784
1961	3738
1964	2945
1964	6947
1964	8070
1964	5736
1964	7000
1964	5974
1964	3640
1965	6593
1966	6460
1967	4462
1970	3752
1971	2930
1973	3525
1975	9056
1975	2756
1975	2262
1975	6157
1975	8078
1975	7958
1978	2072
1978	7039
1979	7341
8522	3738
1983	7422
1987	6792
1987	4722
1988	2972
1991	4530
1997	7327
2002	3500
2006	6955
2010	5763
2010	5006
2010	8592
2012	3528
2014	2026
2015	6062
2015	3782
2019	3418
2019	3663
2020	6336
2020	7812
9894	6592
2023	3182
2025	2421
2026	2923
2026	8592
2026	5977
2026	5049
2028	5350
2029	2616
2031	4977
2034	3810
2036	4070
2040	3843
2049	7129
2053	4419
2053	3462
2054	6706
2055	2811
2056	5514
2056	5261
2056	6677
2061	3124
2065	4677
2068	6972
9902	3663
9902	5074
9902	8056
9902	3247
9902	4476
2070	6563
2072	3234
2072	7946
2076	5504
2077	5889
2077	3834
2077	7909
2077	5966
2077	4433
2078	6970
2078	4117
2088	6459
2089	6399
2090	2452
2091	3400
2093	4073
2096	5822
2101	2239
2103	3983
2104	4221
2105	4149
2110	3059
2110	5646
2110	7447
2118	5997
2118	7117
2120	7357
2123	5952
2123	5864
2123	2755
2124	8142
2127	5955
2128	5693
2130	4839
2132	6552
2138	3078
2139	6731
2140	6213
2140	7868
2142	4054
2145	7026
2145	3196
2145	2479
2149	6418
2151	3106
2151	4835
2151	6279
2151	7881
1724	6771
2154	3013
2157	6167
2158	2510
2164	3008
2172	4204
2172	3351
2172	2686
2172	6559
2176	7117
2178	4066
2180	8570
2180	2196
2181	3748
2181	3855
2182	2760
2183	5674
2183	3216
2183	3640
2185	2923
2186	2609
2187	6503
9922	5234
2192	4026
2193	4538
2196	3300
2196	7341
2196	6162
2196	5331
9681	5952
2198	3199
8559	9505
2204	2656
2212	6752
2221	4977
2221	6651
2222	7292
2223	6401
2223	4514
2223	3462
2223	6739
2223	2933
2224	3584
2224	3144
2225	6350
2228	6177
2228	5442
2228	7026
2228	3028
2233	5822
2237	3094
2239	3298
2239	4664
2239	7327
2240	5825
2240	6453
2240	2811
2241	7881
2244	4984
2244	2910
2245	3820
2247	7279
2248	4569
2257	7304
2257	3226
2260	7744
2262	3117
8570	5390
8570	4658
8570	7603
8570	4334
8570	5061
8570	4671
2270	3610
2276	3107
2277	2301
2280	7422
3492	6910
2284	4010
2285	4822
2287	2497
2294	2497
2296	7461
2296	1320
2296	3252
2296	4919
2296	6138
2297	2448
2301	3240
2301	4400
2301	6771
2301	5556
2304	5778
2305	4504
2306	4023
2309	5945
2311	3553
2311	4642
2311	2571
2314	6327
8578	2597
8578	5736
8578	5519
8578	4920
8578	7323
2325	6072
1652	6465
2328	6866
2331	4538
2333	5952
2335	5073
2336	6437
2343	2656
2343	2733
2348	6593
2351	2842
2357	6791
2357	7017
2357	2477
2357	2870
2357	3863
2357	5336
2362	3648
2362	2553
8586	5092
8586	8573
8586	3199
2366	5825
2366	3364
2366	6930
2366	4563
2366	7158
2366	2842
2370	6497
2371	5430
2373	7606
2375	3297
2375	2395
2375	3133
2377	7435
2377	5997
2377	3188
2377	8757
2377	7736
2381	3182
2381	8597
2381	5784
2381	4988
2382	4024
2383	4046
2383	4830
2383	6567
2385	5736
2385	7874
2391	2467
2391	8140
2391	8084
2391	4406
2395	6162
2395	6771
2395	5117
2397	5530
2398	5825
8592	3713
8592	4109
8592	6415
8592	8094
8592	4886
8592	4714
2402	3411
2405	3572
2407	4530
2409	6162
2409	6972
2414	5579
2416	3748
2417	5528
2419	8056
2421	5632
2421	3234
2421	7126
2422	2495
2424	4886
1770	3255
2430	6017
2432	3716
2437	3979
2438	5553
2441	5864
2442	4090
2445	3991
2448	6210
2448	4963
2448	936
2448	4427
2452	4456
2452	3692
2452	2800
2452	6399
2454	8056
2456	2903
2458	3482
2458	5900
2458	3820
2460	5090
2460	3059
2460	7542
2461	3297
2462	4272
2462	6336
2467	9410
2467	2825
2467	3980
2467	4462
2467	2643
2470	3433
2471	2923
2471	6483
2471	3493
2477	6943
2479	3384
2479	7247
414	2684
414	6567
2490	3182
2493	6791
2493	5610
2493	3431
2493	6077
2493	4798
2494	4147
2495	6528
2495	7114
2495	4541
2495	3255
2495	3834
2495	3611
2495	4986
2495	7166
2497	7353
2499	3986
2499	5430
2499	9463
2499	6972
2499	1085
2501	4406
2502	3925
2506	641
2506	7971
2506	3400
2506	6196
2506	4313
2509	3411
2510	5409
2510	6445
2510	5140
2512	7971
2512	2811
2512	4238
8267	4822
2515	4064
2518	7604
2524	7433
2526	5822
2527	4454
2527	9355
2527	6033
2527	6706
2527	8157
2535	6888
2536	4024
2541	4097
2545	5507
2545	5556
2546	8014
9632	4010
2553	4416
2565	5819
2566	5350
2568	3228
2568	7332
2571	3040
2571	6020
2571	2824
2571	5724
2571	4126
2572	3281
2574	3418
2577	2838
2578	7422
2578	8145
2583	3952
2583	3493
2585	6506
2585	2755
2585	741
2585	4927
2590	5822
2592	6124
2594	2893
2596	4248
2597	4290
2597	5900
2597	5077
2597	6327
2597	9144
2600	7877
2601	8014
2604	6731
2606	7422
2609	6242
2609	3090
2609	5238
2613	3462
2613	5544
2613	6415
2613	4465
2614	3726
2615	6467
2616	7971
2616	7309
2616	7022
2616	3704
2616	7422
436	7921
2619	4599
2623	6246
2625	3564
2630	6577
2630	3870
2633	8097
2637	6328
2639	2945
2639	3810
2639	5379
2643	6752
2643	3528
2643	4272
2643	5266
2643	3796
2644	8008
2644	5090
2646	3639
2651	6242
2652	7913
2652	6588
2656	3109
2656	7728
2659	7332
2663	2977
2663	3462
2663	7693
2663	4927
2663	7039
2664	4928
2664	5185
2664	5092
2664	3993
2665	7538
2671	4095
7273	6651
7273	3639
2681	7909
2684	6832
2684	8156
2685	3500
2686	7278
2687	5077
2694	5721
2694	4204
2700	2825
2702	6571
2702	6612
2702	4951
2702	5534
2703	5822
2704	4416
2704	3864
2708	7393
2708	7538
2709	6880
2716	6076
2716	5677
2716	2903
2720	7538
2721	8160
2722	4713
2723	5736
2731	3609
2733	5736
2733	3882
2733	5323
2733	5590
2733	5784
2733	2875
2736	5958
2737	7892
2741	6920
2745	4222
2745	8008
2745	7309
2745	5534
2749	6988
2755	5632
2755	5760
2755	3106
2755	9733
2755	3003
2756	7552
2756	7639
2756	2962
2756	6930
2756	4024
2756	7164
2760	7379
2760	5156
2760	2903
2763	6537
2763	7693
2763	7846
2764	6955
2767	6970
2776	6076
2785	6559
2788	3669
2789	6465
2789	6196
2794	3205
2795	8043
2796	7736
1422	3669
2802	4066
2802	6453
2806	7445
2811	3210
2811	8088
2815	9761
2815	5541
2815	5579
2815	6156
2815	4871
2815	6578
2815	4963
2815	7081
2823	4984
2825	6563
2825	2902
2825	6232
2827	7665
2828	7357
2834	2902
2838	3748
2838	4605
2838	6929
2838	7774
2838	4927
2841	5493
2842	8070
2842	6409
2842	5578
2842	6260
2842	6519
2844	4986
2849	3838
2851	6483
2851	6654
2865	6567
2866	6062
2867	6445
2867	6567
2870	1156
2870	5579
2870	3806
2875	4384
2875	5762
2875	6883
2875	3176
2875	6376
2875	2930
2875	8757
2875	8087
2875	3647
2876	7433
2878	3153
2883	7868
2885	5778
2886	3045
2890	6055
2890	4050
2890	5038
2890	7026
2890	7286
2893	8160
2893	7525
2893	3574
2896	7353
2899	8133
2902	8098
2902	6437
2902	3694
2902	1237
2903	6864
2908	4921
2909	3117
2910	3300
2910	3078
2916	4799
2920	7956
2923	4132
2923	5350
2923	2956
2923	5657
2924	5997
2930	905
2930	4026
2931	3564
2935	5139
2942	5979
2952	7868
2953	9056
2955	3745
2955	8144
2955	5556
2955	7866
8685	5077
8685	4910
2962	5910
2962	8028
2966	4378
2966	3643
2968	3633
2968	5139
2968	6934
2969	4227
2969	5092
2969	7433
2969	6165
2969	7157
2972	3010
2977	3991
2982	3639
2983	4456
2988	7433
2988	5534
2991	6210
2991	3639
3000	3226
3001	7341
3002	5556
3003	3493
3005	8097
3008	5001
3009	6246
3010	5253
3010	3500
3010	3991
3010	4026
3013	3971
3013	8616
3013	5140
3016	4484
3016	6582
3020	6640
3020	5578
3025	6062
3026	3701
3031	8157
3037	8087
3038	7438
3040	5825
3040	6737
3040	7453
3040	6399
3042	4023
3043	6460
3043	3726
9103	8714
3045	6124
3045	4046
3045	8157
508	4538
3054	5669
3057	6437
3059	7877
3059	5098
3059	267
3059	7533
3059	7822
3059	8155
3060	7402
3064	5530
3068	5279
3070	7880
3070	6033
3070	6207
3073	8024
3075	5864
3075	4822
3078	5187
3078	3716
3081	6897
3082	5579
3085	3377
3090	3781
3090	4401
3094	4416
3094	4183
3094	6445
3094	5495
3247	7866
3103	3462
3106	8868
3106	4583
3106	7693
3106	3855
3106	3153
3107	8962
3107	5955
3107	6460
3107	9558
3107	4668
3107	6559
3109	5881
3109	7109
3110	7509
3110	3143
3114	5350
3115	4303
3117	6758
3117	5073
3117	5556
3119	3468
3121	6654
3123	3351
3124	4251
3124	5979
3124	3199
3125	4462
3131	7392
3131	6625
3131	3178
3131	7866
3131	4221
3133	6955
3133	6706
3133	3572
3133	3639
3133	3740
3134	6401
3136	8024
8715	6165
3142	8025
3142	7327
3143	4624
3143	5073
3143	5266
3144	5504
3144	5506
3144	7395
3144	7276
3144	8733
3144	7445
3151	5001
3152	5610
3152	5074
3153	7309
3153	6077
3157	8070
3160	7782
3162	4698
3177	4074
3177	6903
3180	8015
3182	4806
3182	3275
3182	3411
3190	4406
3191	6589
3192	4921
3195	4117
3196	4739
3196	5138
9623	5578
3199	6888
3199	7120
3199	3866
3205	8139
3205	8529
3205	6327
3205	4664
3205	3418
9654	4927
3209	3701
3210	6439
3216	1230
3216	5293
3216	7278
3216	7100
3219	7120
3221	5442
3225	3500
3226	5900
3228	7336
3232	4484
3234	3433
3234	5504
3234	4117
3235	4147
3241	6327
3242	4312
3248	5819
3250	1099
3250	7483
3250	7447
3252	6157
3254	3414
3255	5731
3255	7117
3263	6453
3266	4290
3269	4677
3270	8156
3273	8025
3275	6327
3276	4986
3278	6485
3281	5350
3281	6324
3281	6557
3295	5308
3297	5281
3298	6560
3298	7744
3298	6184
3300	3431
3300	5001
3300	9808
3300	4527
3304	6640
3308	3558
3308	5390
3308	8142
3308	4889
3308	4698
3310	6033
552	5336
552	6327
3323	3752
3323	7393
3324	6651
3325	7129
3332	5530
3338	3979
3342	1099
3344	6490
3345	6651
3347	6264
3351	6471
3351	5073
3351	7158
3353	6464
559	6503
3361	3925
3370	5052
3372	6439
3373	6739
3373	5038
3376	6177
3377	5680
3377	5506
3377	4579
3377	7402
3377	3952
3381	3957
8757	9505
8757	6497
8757	6221
8757	3534
8757	7553
8757	4594
3400	8129
3400	4355
3400	4775
3400	7660
3400	3986
3400	7961
3400	5534
3406	3448
3408	4538
3410	5797
3411	3752
3411	7114
3411	3701
3412	5610
3414	6945
3414	7877
3414	5001
3415	6883
3418	3539
3418	7705
3430	3692
3431	7528
3431	4503
3433	4143
3433	3672
3434	5507
3440	7445
3448	6401
3448	1480
3448	6953
3448	7893
3449	7353
3454	7353
3455	3694
3458	6015
3460	6706
3462	4907
3464	6650
3470	4624
9260	6582
3476	5073
3476	5442
3482	5734
3482	3782
3482	4148
3482	6167
3482	8185
3484	5822
3485	6072
3485	5234
3485	6453
3487	4117
3493	6401
3493	5451
3493	3925
3493	7958
3500	3564
3500	8014
3501	8129
3504	3564
3504	4149
3504	3998
3504	6567
8776	6070
3506	7939
3506	3716
3506	7851
3506	6903
585	7660
3513	6123
3513	8078
3513	7440
3513	7278
3513	7639
3513	7801
3522	7109
3523	4258
3525	9024
3525	5507
3525	5861
3525	4378
3525	6651
3525	4381
3528	3785
3528	3957
3528	7166
3530	4659
3534	6706
3536	4778
3537	6328
3541	7393
3542	4927
3544	7247
3551	4054
3552	4247
3553	5630
3553	7405
3553	4822
3554	5906
3555	6017
3558	6640
3564	9056
3564	7138
3564	4960
3564	5073
3564	7803
3572	4418
3572	8381
3572	3643
3572	7868
3573	6330
3574	4803
3574	5253
3575	7117
3584	6592
3584	3979
3585	6706
3590	6453
3591	4313
3591	4599
3591	4839
3598	6791
3604	6445
3608	7956
3609	5633
3609	3783
3609	7569
3610	6157
3612	3889
3614	7445
603	8056
3622	7956
8547	7866
3628	6330
3633	6358
3639	9536
3639	4739
3639	4499
3639	6740
3639	4921
3639	3834
3640	6883
3640	4484
3640	7447
3640	7837
3643	3663
3647	6888
3647	7956
3647	8309
3647	5014
3648	6598
3648	5831
3648	6667
3648	4492
3657	4977
3663	4937
3663	6531
3666	4545
3666	5511
3666	7348
3666	4764
8803	5009
8803	6003
8803	7226
8803	4021
3669	6503
3669	7109
3679	8008
3679	6771
3682	4313
8806	5556
3687	5572
3689	4378
3691	4247
3692	6349
3694	5958
3694	5493
3694	6519
3694	5407
3694	4830
3701	4928
3701	7435
3701	5897
3701	4799
3702	6650
3704	7341
3704	3983
3705	4418
3707	8160
3716	6062
3716	4303
3717	7309
3719	4977
3726	5632
3726	6934
3726	5623
3726	4927
3729	7322
3729	8989
3732	6588
3738	7744
3738	5572
3738	6828
3738	5266
3738	5049
3748	6242
3748	5569
3748	7568
3748	5336
3748	5724
3749	7725
3752	4677
3752	5970
3752	6459
3761	6330
3763	5610
3765	5490
3766	7874
3770	7392
3771	6462
3778	6213
3782	8160
3782	5993
3782	4810
3790	4986
3793	4023
3796	7516
3796	4862
3806	6880
3806	5124
3808	6352
3808	4484
3810	7626
3810	6903
3810	6264
8827	3952
3814	4425
3814	3998
3816	6453
3820	7017
3820	7575
3820	792
3820	4312
3827	4963
3828	6162
3829	9516
3834	4586
3836	4963
3838	8101
3838	4050
3838	7379
3838	7925
3843	8874
3843	5210
3848	5336
3849	4010
3849	4484
3849	6485
3850	7784
3850	5519
3852	4583
3853	8080
3853	7353
3855	4418
3855	8265
3855	7868
3855	4799
3860	8157
3864	7660
3864	6649
3864	4569
3866	6567
3867	5945
3870	7123
3870	6324
3870	4713
3871	6439
3874	5308
3880	6336
3880	4313
3881	4525
3882	4272
3882	4903
3885	5442
3885	5279
3885	4278
3885	6350
3885	7575
3886	8156
3889	6465
3889	4661
3903	5910
3903	6903
1221	7587
1221	6278
1221	5420
1221	7610
3917	6062
3919	5778
3919	5843
3920	5530
3925	6464
3925	5831
3925	6923
3930	7433
3935	5088
3935	5657
3936	7812
3936	4015
3936	1554
3936	7279
3940	4877
3945	6880
3946	5721
3947	4698
3952	8875
3957	7877
3957	6792
3957	7289
3957	5352
3966	4988
3968	7120
3971	6880
3971	9516
3971	4147
3971	8087
3971	6490
3976	7292
3979	6471
3979	7120
3979	7665
3979	3986
3979	4758
3983	5420
3983	4221
3984	4010
3984	7341
3986	4064
3986	4893
3986	6567
3986	6571
3987	7117
3993	5955
3995	5454
3997	7914
4002	7251
4002	7660
4005	7000
4005	4594
4006	7665
4010	6866
4015	6009
4015	6162
4016	8087
4018	5610
4021	7522
4021	7779
4021	7471
4022	5864
4023	4839
4023	7725
4023	8692
4024	5364
4026	7569
4026	7131
4028	5736
4029	5143
4037	4624
4039	5885
4045	7332
4046	7913
4046	4183
4046	5722
4048	4303
4050	6459
4054	8129
4054	5063
4054	7276
4054	4671
4062	5979
4064	5077
4064	6970
4066	6758
4066	5578
4070	6337
4070	7784
4070	4778
4070	7039
4080	7552
4080	4272
4080	7001
4080	7550
4088	4928
4089	5736
4090	8714
4090	4126
4095	6033
4095	6706
4097	6752
4097	4267
4097	4248
4097	4505
4108	5724
4110	4963
4113	6988
9957	7433
9957	7278
4117	7136
4117	5385
4117	8990
4117	4698
4122	7447
4123	5337
9139	5885
4126	7471
4131	8097
4134	7892
4147	6600
4147	5327
4147	6903
4148	7892
4149	6358
4155	5955
4158	5279
4162	6144
4166	4313
4171	7909
4172	6920
4173	6124
4183	6188
4188	6464
4188	5260
4201	6819
4201	6181
4201	4713
4201	5945
4201	7166
4202	6118
4204	5409
4204	4764
4208	5117
4211	8142
4221	8000
4221	792
4222	6640
4226	7438
4227	8008
4246	7509
4247	5493
4247	7606
4248	7625
4248	4496
4248	6358
4248	8058
4251	5090
4251	6791
4251	8025
4251	5819
4255	6497
4255	5797
4255	7237
4257	6654
4258	7276
4258	7341
4258	7129
4259	7120
4266	8100
4271	8084
4271	4605
4272	6988
4272	7767
4272	4764
4274	5279
4278	4886
8905	4877
6175	6460
4285	4763
4289	4839
4290	4927
4290	6471
4290	7379
4290	5279
4294	6589
4295	6858
4298	4778
4300	7251
4304	8078
4306	7868
4311	6399
4312	6532
4312	7851
4312	4650
4313	5525
4318	7000
4321	7120
4324	6324
4327	7569
4337	5718
4354	5528
4356	6598
4365	5090
4371	4984
4376	5910
4378	5074
4379	7402
4390	5455
4393	6033
4400	5897
4400	6490
4400	7131
4400	6415
4402	6210
4403	8030
4406	5997
4406	5180
4413	6483
4416	5138
4418	4530
4418	5074
4419	6506
4419	7251
4426	7914
4431	6469
4434	5451
4450	6706
4453	6577
4453	5074
4453	6235
4455	8133
4456	7760
4458	7913
4461	7921
4462	6017
4462	8133
4462	6552
4462	6654
4466	5279
4467	6503
4469	5610
4475	5519
4484	5217
4491	6497
4491	8084
4492	7393
4492	6471
4492	7595
4499	7958
4504	4808
4504	7650
4504	6075
4504	4799
4505	6350
4506	7883
4518	6418
4519	7874
4523	7129
4524	7440
4525	6497
4525	6945
4525	4808
4525	4683
4525	6771
4528	7956
4529	7550
4530	4698
4530	7292
755	6589
4538	6044
4538	6033
4538	5014
4540	7392
4542	7278
4545	6483
4545	8014
4545	5579
4552	8030
4553	6460
4553	7431
4554	7276
4563	5699
4563	6858
4569	5528
4583	4623
4584	6988
4589	6858
4594	5797
4594	5719
4594	5819
4597	7516
4599	5953
4599	6651
4599	4910
4599	6807
4606	7492
4606	7913
4606	7696
4608	7913
4620	6571
4624	5861
4628	8160
4629	6650
4636	6015
4638	7435
4639	6483
4642	6490
4643	8137
4643	4778
4646	8030
4651	6072
4651	7909
4655	5490
4658	5657
4658	6651
4658	8924
4658	6654
4659	8056
4659	4803
4666	4698
4667	7956
4671	5831
4671	5525
4671	4733
4672	5336
4672	6731
4677	4713
4677	7913
4677	6857
4680	6880
4683	5778
4683	7550
4684	5861
4684	6246
4698	6598
4698	6538
4698	6970
8975	4886
4711	5572
4713	6970
4713	187
4714	6903
4718	6571
4723	7304
4725	7445
4726	6592
4728	5797
4736	8024
4736	5077
4739	4977
4739	9698
4743	7013
4750	8008
4757	4764
4758	8015
4763	7114
4763	4820
4764	7953
4764	7438
4775	6072
4775	6165
4778	7268
4778	4973
4778	9037
4778	6453
4778	7357
4781	6242
4781	5868
8989	4973
4792	5778
4799	5601
4799	5305
4801	6792
4803	5669
4803	6503
4803	7129
4803	7866
4804	6592
4805	6897
4810	5906
4811	5140
4817	6072
4822	7131
4825	6358
4826	7129
4834	5958
4835	7247
806	6588
4839	8100
4839	5528
4842	5868
4843	5579
4844	5138
4844	7026
7635	8008
4852	5657
4855	7604
4866	5266
4871	5610
4877	7200
4877	5794
4877	7292
4879	6076
4880	7304
4886	5095
4886	7604
4900	6401
4901	8080
4906	5519
4910	6346
4910	8025
4921	6981
4921	5596
4921	5005
4921	6864
4921	7445
4922	7851
4931	7913
4933	5952
4936	7784
4952	6574
4952	7454
4963	6592
4963	7402
4963	7829
4963	6358
4963	6430
4973	5095
4973	6627
4973	7752
4973	5096
4973	8714
4973	5546
4978	7868
4979	6335
4984	6976
4984	6583
4984	6335
4984	7039
4986	6910
4988	7393
4988	6934
4988	5704
4991	7837
4992	6758
4998	7575
5001	8080
5005	5945
5007	8100
5019	7289
5019	6582
5031	7327
5032	7706
5042	7921
5043	6930
5051	7866
5058	7346
5073	6144
5073	6561
5073	8260
5073	5139
5073	6459
5074	8030
5077	6416
5081	5736
5086	5442
5086	6157
5090	1099
5090	7120
5092	7495
5092	6934
5092	7289
5095	5205
5096	5451
5100	5657
5108	7013
5113	5336
5113	8087
5117	7684
5117	5428
5123	6490
5138	7393
5138	6213
5138	8341
5139	7205
5140	6732
5140	5455
5143	5355
5143	6955
5143	5553
5143	7348
5143	7892
5143	6335
5147	6612
5162	8100
5172	9056
5180	7971
5181	6640
5182	5490
5183	8087
9056	8137
5188	5784
5207	6858
5210	5408
5210	5657
5210	4057
5222	6469
5226	6453
5229	6650
5234	6124
5234	7279
5234	6330
873	8014
5247	6640
5250	7251
5253	6400
5266	5378
5266	7131
5268	5454
5272	7660
5274	8000
5274	7761
5274	6934
5279	6560
5279	6413
5282	7784
5283	7278
5291	5528
5295	6033
5295	5451
5295	7341
5307	6471
5308	6064
5308	6418
5315	7538
5321	6324
5330	6033
5336	6520
5337	6220
5345	7552
5347	7422
5350	5495
5350	6559
5355	6728
5355	6167
5358	8043
5369	6350
5370	6469
9999	8080
4993	6017
5390	5699
5390	6534
5390	5432
5390	6910
5397	6497
5400	6552
5402	6017
5409	6888
5420	7561
5420	6439
5421	5718
5429	7610
5430	7642
5430	5906
5441	7109
1545	9516
5445	5493
5451	7292
5454	5889
5454	6883
5455	5970
5455	6552
5458	8000
5467	6358
5469	6888
5470	6972
5472	6559
5477	5553
9911	8101
5486	6638
5490	7457
5490	8142
5490	6415
5493	5822
5503	5778
5504	7549
5504	7782
5506	5530
5506	1579
5507	7913
5508	6972
5513	5671
5516	7278
5522	6445
5525	3511
5530	7913
5530	7471
5530	7209
5535	5868
5549	5765
5553	8137
5553	5778
5553	7327
5556	5736
5556	7773
5556	7289
5561	6910
5564	6464
5566	7131
5566	7606
5574	5861
5578	5808
5578	8030
5579	7851
5584	8133
5597	6196
5601	6324
5603	7013
5609	8145
5609	6588
5610	6755
5610	6728
5610	6325
5614	6062
5632	7909
5641	6571
5646	7431
5657	7782
5657	6664
5657	6033
5657	7096
5669	5900
5671	5970
5671	6685
5671	5906
5671	6361
5673	6654
5678	7438
5683	7538
9585	6706
5693	8100
5696	7131
5699	5868
5701	7782
5705	8070
2317	6399
5718	7276
8876	7123
5724	6273
5724	6437
5724	6753
5731	6439
5731	8043
5732	8100
5734	6124
5734	6559
5736	6654
5746	5819
5754	6467
9151	6532
5759	6560
5760	7422
5762	9525
5764	5822
5765	8133
5765	8142
5765	6934
5765	6335
5767	6213
5772	6350
5778	6350
5778	6064
5778	2365
5784	7440
5784	6495
5793	7341
5797	6640
5797	7445
5797	6873
5802	6497
5803	6559
5809	6485
5815	7393
5818	7575
5819	6497
5819	7874
5819	9273
5822	6650
5824	6903
5825	6563
5825	7433
5830	6076
5830	6588
5831	6976
9166	6988
5852	7782
5861	9698
5861	7910
5864	6739
5868	7585
5868	7665
5876	6336
5876	7457
5876	7819
5876	7471
5885	6920
5885	6213
5888	6651
5890	6866
5906	8717
5906	7293
5908	6563
5910	6497
5910	7958
5923	8145
5926	7289
5931	6350
5945	6062
5945	7248
5945	7322
5952	7790
5954	6017
5955	5997
5958	6858
5960	7395
5970	7538
5970	6934
5975	6242
5986	7868
4291	9505
6015	6559
6017	8056
6019	6658
6020	8070
6020	7550
1004	6988
6038	7837
6042	6415
6062	7200
6062	6089
6062	6650
6064	7630
6072	6559
6091	7276
6091	6988
9208	9505
6099	6883
6109	7341
6112	7604
6116	7327
6118	6242
6118	7327
6135	7204
6144	6934
6144	7990
6157	7744
6157	6400
6157	6569
6157	6196
6157	7158
6160	8014
6165	6177
6165	6246
6167	6350
1029	6752
6177	6399
6178	6739
6192	7851
6196	7166
6204	6955
6207	6658
6207	8084
6208	7039
6210	8101
6210	7516
5131	8097
5131	8142
6213	6582
6220	6503
6221	6762
6221	6327
6225	7348
6229	6418
6233	8137
6235	6771
6240	6462
6246	6592
6249	7665
6258	7868
6264	9830
6264	6771
6265	7877
6272	8133
6278	6453
6284	6771
8393	8056
6301	7569
6302	7569
6302	8714
6302	7550
6317	6650
6327	7304
6330	6406
6330	8080
8667	7956
6335	7120
6335	6430
6345	6582
6350	8075
6350	7921
6352	6858
6364	6612
6375	7341
6388	7026
6399	8069
6401	6462
6407	7538
6409	7393
6412	8056
9761	7914
6430	7133
6437	7281
6437	7610
6440	8078
6445	6537
6453	7106
6453	7881
6454	7158
6459	7410
6462	7971
6465	9505
6467	6752
6467	7341
6467	7131
6469	7348
6471	8097
6471	7447
6482	8137
6483	1293
6483	7070
6489	8078
6490	7853
6497	7735
6506	6792
6506	7596
6506	7226
6508	7292
6516	7538
6522	7445
6532	8008
6537	6577
6547	8008
6552	5713
6557	7392
6559	7644
6567	7831
6571	7868
6588	6976
6589	7866
6592	8133
6592	7509
6592	7736
1099	7438
6596	6903
6598	7341
6601	7971
6602	7129
6608	7866
6612	7837
6620	7883
6629	7782
6631	7158
6640	6658
6650	7675
6650	1361
6650	7833
6651	7107
6651	6980
6651	8101
6651	6760
6658	6886
6665	6897
6677	7516
6704	6988
6706	7402
6725	8133
6729	7341
6736	7604
6739	8156
6752	7658
6762	8097
6762	6970
6762	7725
6775	8030
6783	7509
6792	8133
6792	8157
6801	7447
6880	8056
6880	7706
6882	6970
6883	7247
6883	8180
6893	7812
6897	7120
6903	8142
6910	7554
6914	7278
6919	7782
6930	7312
1156	7322
6940	7665
6943	9516
6945	7431
6955	7045
6969	8133
6970	7444
6976	7265
6988	7812
7000	8034
7000	7279
7013	7883
8690	7874
8690	7868
7026	7380
7046	7341
7046	7447
7068	7866
7075	7575
7090	7289
9374	7914
9374	7431
7114	7594
7114	7123
7117	7379
7117	7292
7129	8093
7133	7435
7136	7552
7158	7456
7158	7909
7158	8037
7166	7837
8024	7296
7204	7565
7204	8002
7210	7393
7227	8714
7238	8078
7247	8087
7248	8084
7259	7782
1212	8137
7279	7883
7283	8145
7304	8097
7322	8115
7322	9813
7323	7353
7327	7435
7341	1237
7348	7971
7353	7538
7357	8084
9247	7550
7379	7469
7392	8133
7392	7913
7393	7509
7396	7744
7405	9516
7405	7438
7422	7995
7426	8097
7431	8104
7431	7447
7433	9598
7445	7575
7447	7744
7467	8025
7488	7837
7506	7509
7512	7606
7552	4092
7569	7782
7612	8101
7648	8156
7660	7921
7697	7736
7702	8156
7706	7956
7721	7956
7736	8009
7744	8145
8714	1361
8714	8056
7755	8100
7782	7979
7782	7902
7793	7909
7793	7958
7812	8160
7851	8137
7627	8087
7909	8012
7956	8129
7974	8025
7988	8056
8015	4092
8087	8134
8108	8156
