6342	9728
6342	8185
6342	6043
6342	1763
6342	5540
6146	5280
6146	6619
2052	1667
2052	2764
2052	74
2052	8940
2052	4633
2052	7386
2055	4032
2055	8289
2055	5794
2055	2499
2055	9156
2055	4934
2055	5249
2055	7752
2055	8940
2055	5684
2055	6320
2055	8185
2055	8788
2055	7063
2055	4633
2055	7386
2055	6043
2055	3612
2055	573
2055	2974
2055	3199
4105	352
4105	2662
4105	7592
4105	8940
4105	1710
4105	488
4105	4978
4105	8185
4105	7386
4105	6043
4439	6880
4439	6008
4439	9429
4439	2136
4439	4539
4439	4957
4439	9279
6156	5827
6156	3428
6156	3653
6156	2867
6156	2389
6156	6618
8205	8900
8205	7261
7570	9859
7570	4092
7911	1132
18	7872
18	4032
18	646
18	8583
18	2188
18	6057
18	18
18	661
18	1686
18	4633
18	6043
18	36
18	5926
18	7592
18	2601
18	1069
18	6320
18	1587
18	1078
18	55
18	59
18	9279
18	64
18	2370
18	9156
18	3919
18	5201
18	84
18	469
18	343
18	7386
18	8795
18	92
18	998
18	9196
18	628
18	2165
18	2295
18	2936
18	8127
18	8572
18	3199
2068	7424
2068	7981
2068	1684
2068	9142
2068	4123
2068	4860
2068	9279
2069	6353
2069	5044
2069	1445
4441	6464
4441	8551
4441	7592
4441	8185
4441	4633
4441	318
4441	8127
4121	513
4121	4633
4121	1287
4121	8940
4121	7063
4121	6297
4121	1050
4121	6043
4121	3820
4121	678
4121	7592
4121	6057
4121	903
4121	8172
4121	6452
4121	5817
4121	8125
4121	9279
4121	9156
4121	4934
4121	331
4121	3919
4121	84
4121	597
4121	1120
4121	8289
4121	5926
4121	9196
4121	1908
4121	2936
4121	8127
4122	3009
4122	5961
4122	1100
4122	9196
4122	7063
4122	5241
4122	7386
4122	4443
4122	9274
4123	1684
4123	7261
2079	1029
2079	5969
2079	648
2079	8940
2079	44
2079	8877
2079	905
2079	7688
2079	1686
2079	2295
2079	8185
2079	7386
2079	8572
2079	8125
2079	478
2079	3199
8226	8704
8226	1229
36	4032
36	9477
36	646
36	4234
36	2188
36	1069
36	1686
36	7063
36	4633
36	1050
36	7592
36	6057
36	43
36	44
36	8877
36	6320
36	1587
36	55
36	2105
36	59
36	9279
36	7872
36	4934
36	204
36	74
36	2764
36	4692
36	469
36	8185
36	7386
36	998
36	8940
36	9709
36	84
36	8127
36	3199
8229	9196
8229	8357
8229	2606
4134	2389
4134	3653
43	9477
43	9196
43	2188
43	6419
43	1686
43	7063
43	1050
43	6043
43	3612
43	8613
43	5926
43	7592
43	44
43	1069
43	6320
43	1587
43	4276
43	55
43	4537
43	59
43	3389
43	9279
43	4032
43	8001
43	4934
43	74
43	469
43	7386
43	7262
43	351
43	2662
43	1836
43	8940
43	8125
43	2165
43	2166
43	8185
43	8127
43	3199
44	8127
44	1029
44	1287
44	7688
44	307
44	4234
44	8023
44	2188
44	397
44	1069
44	1686
44	7063
44	1050
44	6043
44	2716
44	9633
44	678
44	7592
44	6057
44	8877
44	6320
44	1587
44	55
44	2105
44	59
44	2762
44	575
44	4934
44	9927
44	74
44	5969
44	84
44	469
44	343
44	7386
44	8795
44	478
44	98
44	5926
44	9149
44	9512
44	2165
44	2936
44	9279
44	3199
4142	5044
4142	3734
6191	2954
6191	6787
6191	7182
4144	8672
4144	9426
4144	7063
4144	8185
4144	8127
4144	3612
4144	8893
4144	3199
6193	5893
6193	9672
6193	1803
6193	7724
6193	1426
6193	7666
6193	5467
55	4234
55	2188
55	1686
55	7063
55	4633
55	5020
55	5926
55	7592
55	6057
55	1069
55	687
55	1587
55	4537
55	59
55	9279
55	4032
55	9156
55	4934
55	74
55	2764
55	5454
55	9679
55	5201
55	84
55	469
55	3492
55	7386
55	998
55	5969
55	9196
55	9709
55	2544
55	8185
55	8127
55	8572
2104	7784
2104	689
2104	6468
2104	2165
2104	5969
2105	260
2105	9477
2105	6153
2105	1239
2105	2188
2105	1686
2105	7063
2105	4633
2105	1050
2105	6043
2105	2716
2105	9633
2105	5926
2105	7592
2105	8877
2105	59
2105	8125
2105	9279
2105	3523
2105	4934
2105	2762
2105	3919
2105	4692
2105	343
2105	472
2105	7386
2105	9333
2105	1120
2105	8940
2105	4212
2105	2165
2105	2295
2105	2936
2105	8185
2105	8127
2105	6653
2105	1534
2105	3199
2106	513
2106	4681
2106	8940
2106	1229
2106	4238
2106	5040
2106	3612
59	260
59	9477
59	8533
59	8023
59	397
59	6419
59	1686
59	7063
59	4633
59	1050
59	5926
59	7592
59	6057
59	1069
59	1587
59	5174
59	9279
59	4032
59	4537
59	9156
59	4934
59	74
59	204
59	5454
59	3919
59	5969
59	84
59	469
59	343
59	1060
59	7386
59	2662
59	489
59	8940
59	8722
59	370
59	2165
59	2936
59	8185
59	8127
59	3199
888	8127
888	6043
888	4934
888	2662
888	2769
888	204
888	8877
888	6320
888	7377
888	1686
888	7063
888	7386
888	8185
888	922
888	3199
888	5020
888	1050
888	1534
888	959
64	2690
64	2188
64	1686
64	2202
64	933
64	5926
64	6057
64	8877
64	6320
64	1587
64	820
64	1215
64	4032
64	2370
64	9156
64	2764
64	78
64	9426
64	345
64	7386
64	92
64	2165
64	2295
64	2936
64	8127
64	8572
4161	6992
4161	4537
4161	7386
4161	1113
8258	7143
74	8322
74	1667
74	1029
74	2188
74	397
74	1069
74	1686
74	7063
74	4633
74	1050
74	283
74	6043
74	8613
74	5926
74	6057
74	8877
74	687
74	6320
74	1587
74	6452
74	4276
74	3389
74	8127
74	2500
74	4934
74	2764
74	208
74	5201
74	84
74	8533
74	1060
74	7386
74	351
74	8289
74	5969
74	8940
74	8125
74	8185
74	5247
4173	3429
4173	2973
4173	9686
4173	9375
78	4032
78	9477
78	390
78	3820
78	4234
78	7063
78	2188
78	1069
78	6057
78	1686
78	6807
78	4633
78	6043
78	816
78	1446
78	2601
78	170
78	8877
78	1710
78	6320
78	689
78	1586
78	6452
78	2489
78	8125
78	8127
78	2370
78	1604
78	4934
78	2764
78	5201
78	338
78	8533
78	7386
78	92
78	8289
78	1378
78	2532
78	5926
78	2662
78	5969
78	488
78	8940
78	8941
78	2165
78	2295
78	2936
78	8185
78	8572
8275	1938
84	4633
84	9477
84	1287
84	8023
84	2188
84	397
84	1069
84	661
84	1686
84	7063
84	1050
84	6043
84	5926
84	7592
84	6057
84	8877
84	687
84	6320
84	1587
84	6968
84	4537
84	6076
84	3389
84	8127
84	7872
84	9156
84	3919
84	5201
84	469
84	343
84	7386
84	3679
84	8289
84	8940
84	8125
84	2165
84	2295
84	8185
84	8444
1038	1408
1038	9851
1038	8127
1038	5926
1038	8877
1038	8722
1038	472
1038	8185
1038	6975
1038	5949
1038	3199
2136	6880
2136	132
2136	2853
2136	2662
2136	2826
2136	6008
2136	2884
2136	4251
2136	4957
6235	4633
6235	460
6235	1537
92	8172
92	2188
92	1069
92	6057
92	1686
92	7063
92	4633
92	6043
92	3612
92	416
92	5926
92	2601
92	8877
92	816
92	1586
92	1587
92	6452
92	4537
92	3389
92	8127
92	2370
92	4934
92	2132
92	469
92	343
92	7386
92	8940
92	8125
92	4211
92	2165
92	2295
92	2936
92	8572
4193	2305
4193	2434
4193	903
4193	776
4193	8940
4193	8722
4193	148
4193	3389
4193	7063
4193	4633
4193	1050
4193	6043
4193	3612
4193	6057
4193	1287
4193	6320
4193	6452
4193	181
4193	4537
4193	573
4193	318
4193	9279
4193	4934
4193	9287
4193	1480
4193	3919
4193	5201
4193	343
4193	7386
4193	479
4193	5866
4193	9196
4193	111
4193	1137
4193	4344
4193	8185
4193	762
4193	3199
98	2434
98	132
98	2694
98	428
98	4234
98	9623
98	2188
98	1069
98	3389
98	1686
98	7063
98	4633
98	6043
98	2850
98	5540
98	6057
98	8877
98	6320
98	6452
98	4918
98	573
98	575
98	2499
98	4934
98	876
98	2762
98	5201
98	8125
98	7386
98	3679
98	8161
98	2662
98	2536
98	8940
98	111
98	2295
98	8185
98	8127
98	3199
1382	1002
4199	4633
4199	3324
8297	8433
8297	6370
8297	6671
8297	5506
8297	6495
111	131
111	1287
111	776
111	9196
111	2188
111	8722
111	148
111	7063
111	4633
111	6043
111	3612
111	5926
111	6057
111	1069
111	175
111	6320
111	6452
111	181
111	4537
111	1082
111	573
111	318
111	575
111	2499
111	4934
111	9287
111	1480
111	2762
111	3919
111	5201
111	8125
111	214
111	8023
111	2520
111	7386
111	8127
111	2536
111	8940
111	3389
111	8185
111	5631
111	1405
111	3199
4211	1060
4211	9477
4211	5926
4211	8940
4211	7063
4211	2188
4211	878
4211	3532
4211	1604
4211	8185
4211	6452
4211	2165
4211	9046
4211	2295
4211	2132
4211	7386
4211	6043
4211	4633
4212	258
4212	9477
4212	7047
4212	7688
4212	4876
4212	1100
4212	533
4212	8854
4212	7063
4212	4633
4212	5020
4212	6057
4212	170
4212	8877
4212	1710
4212	1586
4212	6452
4212	2619
4212	8125
4212	8127
4212	1604
4212	4934
4212	972
4212	1460
4212	2764
4212	1686
4212	9679
4212	9552
4212	5969
4212	722
4212	469
4212	8023
4212	2532
4212	7386
4212	2916
4212	488
4212	8170
4212	8940
4212	2165
4212	2936
4212	8185
4212	7551
2165	2489
2165	4032
2165	1686
2165	646
2165	8185
2165	3820
2165	2188
2165	1069
2165	6057
2165	533
2165	8854
2165	7063
2165	4633
2165	2202
2165	6043
2165	5148
2165	1050
2165	1587
2165	5926
2165	7592
2165	2601
2165	170
2165	8877
2165	1710
2165	687
2165	6320
2165	689
2165	1078
2165	3389
2165	9279
2165	4537
2165	2370
2165	7627
2165	1604
2165	4934
2165	3199
2165	2764
2165	3919
2165	5201
2165	9426
2165	7784
2165	469
2165	343
2165	7386
2165	1117
2165	352
2165	1378
2165	2619
2165	8127
2165	5969
2165	488
2165	1120
2165	5020
2165	8940
2165	8125
2165	808
2165	6387
2165	2295
2165	2936
2165	2132
2165	6975
2165	8572
2165	661
2166	8001
2166	8940
2166	8185
8553	8969
8553	1378
4218	6057
4218	1779
4218	7063
6267	4934
6267	7592
6267	3532
6267	878
6267	2639
6267	5201
6267	1236
6267	9623
6267	2936
6267	7386
6267	3550
8322	2434
8322	8547
8322	2532
8322	390
8322	1287
8322	460
8322	7533
8322	2355
8322	6452
8322	8185
8322	4633
8322	7386
8322	6043
131	6048
131	6043
131	4633
131	4934
131	2246
131	5181
131	8125
131	7979
131	7533
131	720
131	7441
131	9426
131	8185
131	3389
131	2647
131	4537
131	2991
131	573
131	3602
131	3199
132	7872
132	613
132	2662
132	8533
132	4042
132	3199
132	428
132	6320
132	6008
132	4934
132	5429
132	3679
132	9279
132	8125
132	575
2181	1060
2181	2188
2181	8877
2181	1614
2181	9709
2181	1587
2181	2936
2181	4633
2181	8572
2181	8125
1729	2724
1729	1960
1729	1132
1729	8185
1729	1850
1729	6907
4234	2954
4234	7063
4234	2188
4234	661
4234	9623
4234	4633
4234	1050
4234	7592
4234	6057
4234	8877
4234	6320
4234	1587
4234	8125
4234	318
4234	3523
4234	9803
4234	5201
4234	722
4234	7386
4234	1120
4234	2662
4234	2295
4234	8185
2188	7685
2188	7179
2188	537
2188	1050
2188	175
2188	3612
2188	1797
2188	1056
2188	1069
2188	1071
2188	1586
2188	1587
2188	1078
2188	1082
2188	9279
2188	5201
2188	604
2188	3679
2188	1120
2188	870
2188	2662
2188	6076
2188	8722
2188	1137
2188	628
2188	3199
2188	646
2188	4236
2188	661
2188	1686
2188	4633
2188	2202
2188	678
2188	687
2188	6320
2188	689
2188	181
2188	701
2188	2762
2188	204
2188	9426
2188	1236
2188	9429
2188	1060
2188	7386
2188	8940
2188	1779
2188	2295
2188	6905
2188	3326
2188	9477
2188	1287
2188	557
2188	6419
2188	645
2188	8185
2188	5926
2188	808
2188	8125
2188	3370
2188	1836
2188	816
2188	4918
2188	3389
2188	318
2188	4934
2188	3915
2188	397
2188	8533
2188	9046
2188	343
2188	1614
2188	3422
2188	7526
2188	2923
2188	878
2188	370
2188	2936
2188	575
2188	8572
2188	9365
2188	3456
2188	1411
2188	3820
2188	8589
2188	7063
2188	6043
2188	412
2188	927
2188	8613
2188	7592
2188	5020
2188	951
2188	4537
2188	4686
2188	1469
2188	8127
2188	4032
2188	3523
2188	9156
2188	1480
2188	462
2188	469
2188	3031
2188	3919
2188	478
2188	998
2188	2536
2188	1002
2188	9196
2188	2544
2188	6057
2188	2132
2190	1410
2190	615
2190	3119
2190	1520
2190	338
2190	2231
2190	760
2190	8188
2190	5021
8557	7750
2194	4033
2194	5926
2194	4934
2194	8185
2194	7592
2194	2762
2194	7063
2194	5018
2194	6320
2194	5969
2194	3667
2194	2295
2194	2936
2194	537
2194	1050
2194	7386
2194	8894
2194	8127
148	2434
148	8533
148	903
148	776
148	9196
148	8463
148	3389
148	7063
148	4633
148	6043
148	288
148	289
148	6057
148	1287
148	6320
148	4537
148	573
148	8894
148	8127
148	2499
148	9156
148	4934
148	9633
148	1480
148	9149
148	2762
148	9679
148	5201
148	8125
148	7386
148	604
148	479
148	228
148	2536
148	8940
148	1137
148	318
148	8185
148	3199
148	5247
6297	8940
6297	1908
6297	513
2202	8583
2202	1686
2202	9633
2202	5926
2202	6057
2202	1586
2202	6452
2202	8125
2202	1854
2202	1215
2202	2370
2202	2499
2202	4934
2202	9679
2202	318
2202	3550
2202	8127
2202	1510
2202	8941
2202	878
2202	2295
2202	2936
2202	8185
2202	9279
4251	6880
4251	2884
4251	7941
4251	2826
4251	5816
1050	1408
1050	8127
1050	260
1050	9477
1050	8185
1050	9687
1050	6153
1050	1239
1050	397
1050	1069
1050	6419
1050	661
1050	1686
1050	7063
1050	537
1050	3679
1050	6043
1050	3612
1050	1440
1050	5926
1050	7592
1050	6057
1050	8125
1050	2732
1050	8877
1050	307
1050	687
1050	6320
1050	8023
1050	1587
1050	6452
1050	951
1050	4686
1050	5969
1050	9279
1050	4032
1050	4537
1050	8940
1050	4934
1050	9287
1050	4236
1050	2762
1050	204
1050	462
1050	3919
1050	5201
1050	3667
1050	469
1050	343
1050	472
1050	7386
1050	9179
1050	1534
1050	1120
1050	2662
1050	7526
1050	8289
1050	4711
1050	8722
1050	7125
1050	3389
1050	9679
1050	2295
1050	2936
1050	4692
1050	3903
1050	4633
1050	3199
8350	3115
1392	882
1392	1931
1392	7685
8354	8171
2211	2412
2211	4139
2211	8940
2211	1426
2211	8722
2211	4633
2211	7386
2211	4665
2211	5274
2211	6653
2211	8127
8357	7139
8357	9196
8357	2606
8357	9279
2216	2499
2216	9156
2216	3670
2216	4934
2216	7592
2216	3612
2216	8940
2216	6320
2216	5926
2216	8854
2216	8185
2216	2936
2216	4537
2216	7386
2216	6043
2216	8444
2216	349
2216	2335
3100	760
3100	615
3100	4807
170	258
170	533
170	7063
170	4633
170	6043
170	5020
170	1446
170	6057
170	8877
170	6320
170	1586
170	1460
170	5820
170	8125
170	4032
170	1604
170	5969
170	8023
170	7386
170	1510
170	488
170	8940
170	2295
170	8185
4268	9477
4268	1960
4268	4457
4268	8185
4268	8730
4268	9279
175	1537
175	9477
175	8533
175	1287
175	8722
175	6419
175	3389
175	7063
175	4633
175	6043
175	3612
175	2335
175	5926
175	6057
175	8877
175	6320
175	181
175	1082
175	573
175	575
175	4934
175	2762
175	9426
175	8125
175	1469
175	7386
175	349
175	993
175	2536
175	8940
175	8185
175	8127
175	6653
175	3199
6320	6153
6320	537
6320	3612
6320	2593
6320	2601
6320	557
6320	1071
6320	1587
6320	2619
6320	573
6320	9279
6320	2628
6320	5201
6320	3667
6320	604
6320	1120
6320	2662
6320	3179
6320	8722
6320	1137
6320	4213
6320	8127
6320	5247
6320	2694
6320	3208
6320	1686
6320	4633
6320	678
6320	8877
6320	181
6320	3105
6320	204
6320	2762
6320	2764
6320	208
6320	9426
6320	1236
6320	1060
6320	7386
6320	228
6320	8940
6320	2289
6320	1779
6320	2806
6320	2295
6320	762
6320	3199
6320	8444
6320	260
6320	9477
6320	1287
6320	776
6320	4878
6320	1069
6320	6419
6320	283
6320	2335
6320	289
6320	2850
6320	5926
6320	8125
6320	816
6320	6452
6320	3389
6320	318
6320	4934
6320	3981
6320	5969
6320	3412
6320	8533
6320	343
6320	349
6320	876
6320	370
6320	2936
6320	575
6320	3456
6320	3820
6320	397
6320	7063
6320	1604
6320	5018
6320	6043
6320	412
6320	7592
6320	5020
6320	7607
6320	4537
6320	9149
6320	959
6320	4032
6320	6081
6320	2499
6320	9156
6320	5586
6320	469
6320	3919
6320	479
6320	993
6320	998
6320	2536
6320	3240
6320	4598
6320	6057
6320	8185
6320	1534
2228	1192
181	1287
181	776
181	906
181	8722
181	8854
181	7063
181	4633
181	6043
181	3612
181	2335
181	6057
181	4537
181	1082
181	573
181	575
181	2499
181	4934
181	5201
181	8125
181	214
181	1469
181	7386
181	604
181	349
181	8127
181	7533
181	1137
181	4598
181	2936
181	8185
181	9279
181	3199
2231	3119
4283	1411
4283	870
4283	8940
4283	5423
4283	4570
4283	8125
4283	3679
4288	9201
4288	2892
6337	4671
3446	7666
3446	1426
3446	5893
2246	6048
2246	3602
2246	5220
2246	8559
6345	3030
204	260
204	9477
204	1686
204	7063
204	537
204	5018
204	6043
204	1440
204	8355
204	5926
204	4537
204	959
204	4032
204	9156
204	4934
204	4686
204	5969
204	6356
204	8533
204	7386
204	2662
204	9196
204	8185
204	8127
204	3199
8399	2434
8399	318
208	4963
208	3435
208	8185
208	4633
208	283
6353	228
6353	1445
6353	8463
6353	5044
6353	3734
6353	9623
6353	8185
6353	8894
6353	9279
6355	9816
6355	7978
6355	8572
6355	6221
6355	4822
6356	8355
4310	1480
4310	8289
4310	318
4310	8185
6360	7386
6360	1779
6360	9932
6360	7021
6360	3199
3108	2019
3108	3944
3108	8586
3108	8940
3108	7182
3108	5459
3108	8185
3108	6203
2267	3315
2267	1564
4317	2936
4317	6455
6864	8068
6864	5711
6370	5506
6370	6671
6370	6495
228	1287
228	8463
228	8722
228	4633
228	288
228	1445
228	903
228	2485
228	8125
228	8894
228	9279
228	2499
228	4934
228	1480
228	457
228	331
228	3919
228	5201
228	7386
228	318
228	2806
228	8185
228	762
228	8127
228	3199
4327	2305
4327	7386
4327	4633
2289	8940
2289	318
6387	5926
6387	689
6387	8185
6387	5402
6387	7386
4342	1836
4342	8940
4342	9279
2295	6153
2295	343
2295	7182
2295	533
2295	4633
2295	3612
2295	1060
2295	2601
2295	1069
2295	1586
2295	1587
2295	1078
2295	9279
2295	1604
2295	1100
2295	5201
2295	1619
2295	2662
2295	636
2295	3199
2295	645
2295	661
2295	1686
2295	2716
2295	678
2295	8877
2295	1741
2295	722
2295	1239
2295	7386
2295	1257
2295	8940
2295	258
2295	9477
2295	1287
2295	557
2295	3346
2295	5926
2295	6452
2295	820
2295	3389
2295	6975
2295	4934
2295	5961
2295	5969
2295	8533
2295	8023
2295	352
2295	2916
2295	876
2295	2936
2295	3456
2295	8854
2295	2954
2295	7063
2295	6043
2295	5020
2295	1446
2295	7592
2295	6057
2295	1460
2295	951
2295	8125
2295	8127
2295	4032
2295	6081
2295	2508
2295	469
2295	472
2295	1510
2295	488
2295	9196
2295	8185
4344	8705
4344	5582
4344	5201
6393	636
6393	9623
6394	5183
8444	1408
8444	8289
8444	2500
8444	4934
8444	993
8444	2762
8444	8940
8444	9156
8444	318
8444	6975
2305	1480
2305	8010
2305	6867
2305	7063
2305	4633
2305	7386
258	9477
258	7047
258	3820
258	533
258	7063
258	4633
258	6043
258	6057
258	1586
258	1460
258	5820
258	8125
258	6975
258	4032
258	1604
258	1100
258	2764
258	5201
258	7386
258	352
258	1510
258	5969
258	488
258	8940
258	5869
258	8185
258	8127
258	636
4139	4665
4139	2412
4139	7143
260	9477
260	9196
260	6419
260	7063
260	4633
260	4537
260	8125
260	9279
260	4032
260	4934
260	3919
260	472
260	7386
260	8940
260	3444
260	9333
260	2936
260	8127
260	3199
6188	2485
6412	2628
1410	615
1410	4807
1410	1520
1410	6449
1410	3254
1410	3256
8463	7872
8463	6043
8463	9477
8463	870
8463	903
8463	5201
8463	2764
8463	8722
8463	8185
8463	2485
8463	4918
8463	3326
8463	4633
8463	7386
8463	6907
8463	5820
8463	478
8463	8127
8464	460
6418	3132
6419	6153
6419	8722
6419	7063
6419	6043
6419	2716
6419	927
6419	808
6419	3612
6419	6452
6419	2335
6419	1469
6419	9279
6419	5201
6419	469
6419	7386
6419	8940
6419	8125
6419	6057
6419	8127
6419	3199
8473	2690
1071	7872
1071	3820
1071	4934
1071	808
1071	8940
1071	3919
1071	6452
1071	9046
1071	8185
1071	2936
1071	4633
4381	1515
5465	4969
5465	820
2335	8722
2335	9623
2335	4633
2335	6043
2335	3612
2335	5926
2335	5020
2335	4537
2335	1469
2335	2499
2335	4934
2335	7752
2335	9679
2335	5201
2335	8125
2335	349
2335	8940
2335	573
2335	7592
2335	6057
2335	8185
2335	3199
288	513
288	4934
288	903
288	1287
288	9196
288	3919
288	5201
288	7186
288	2485
288	8185
288	6452
288	7386
288	318
288	9279
289	2434
289	1287
289	7063
289	4633
289	8613
289	3240
289	7752
289	2355
289	6452
289	4537
289	3389
289	318
289	8127
289	9156
289	4934
289	1480
289	2762
289	3919
289	5201
289	5586
289	604
289	2536
289	8940
289	1137
289	8185
289	3199
4033	7592
4033	5969
4033	8185
4033	7386
4033	5018
4390	4601
4390	2850
4390	6058
4390	3214
2345	9477
2345	4236
2345	6221
2345	687
2345	4822
2345	8572
2346	8544
2346	5969
2346	7386
2346	6043
2346	478
8491	1586
8491	2916
2353	2584
2353	2624
2353	3027
2353	3149
2353	878
2355	9156
2355	4934
2355	5969
2355	9623
2355	8940
2355	2434
2355	9679
2355	5201
2355	8185
2355	4633
2355	4537
2355	5020
2355	3199
6452	8722
6452	4633
6452	3612
6452	1060
6452	2601
6452	1586
6452	1587
6452	573
6452	9279
6452	1600
6452	1100
6452	4686
6452	5201
6452	3667
6452	597
6452	1117
6452	3679
6452	1137
6452	4213
6452	5247
6452	3713
6452	1686
6452	2716
6452	678
6452	8877
6452	1710
6452	4276
6452	5820
6452	7386
6452	3820
6452	3199
6452	469
6452	9477
6452	1287
6452	5926
6452	808
6452	5423
6452	816
6452	6975
6452	4934
6452	331
6452	3919
6452	5969
6452	8533
6452	343
6452	4457
6452	1908
6452	2936
6452	575
6452	1408
6452	2434
6452	1411
6452	390
6452	903
6452	8940
6452	7063
6452	6043
6452	9633
6452	5540
6452	1446
6452	3497
6452	8127
6452	4032
6452	2499
6452	1480
6452	9679
6452	3031
6452	479
6452	2532
6452	488
6452	2538
6452	9196
6452	6057
6452	8185
6454	784
6454	629
4408	8185
4408	8722
4408	6475
4408	604
4408	5933
318	513
318	2434
318	903
318	9196
318	8722
318	3389
318	7063
318	4633
318	3612
318	8613
318	5926
318	1137
318	7592
318	8125
318	1287
318	8236
318	8877
318	2991
318	573
318	9279
318	2499
318	3105
318	4934
318	8289
318	1480
318	5961
318	2762
318	5201
318	5586
318	2647
318	7386
318	3919
318	604
318	2536
318	8940
318	5490
318	2806
318	2936
318	8185
318	8127
318	1405
318	3199
6464	7592
2370	4032
2370	9477
2370	646
2370	8583
2370	7063
2370	4633
2370	5148
2370	5926
2370	7592
2370	5161
2370	8125
2370	8127
2370	4934
2370	3919
2370	5201
2370	9426
2370	1236
2370	7386
2370	9679
2370	5969
2370	9196
2370	8941
2370	6057
2370	2936
2370	8572
2370	3199
1078	1797
1078	3820
1078	8722
1078	5651
1078	661
1078	1686
1078	7063
1078	4633
1078	5020
1078	5926
1078	4519
1078	6057
1078	3370
1078	5167
1078	1587
1078	8127
1078	4032
1078	9156
1078	4934
1078	5711
1078	5201
1078	3919
1078	1120
1078	8572
1078	8940
1078	2936
1078	3324
4425	5128
4425	1002
4425	8827
4425	7716
4425	4757
331	3713
331	903
331	7592
331	8125
331	3919
331	8185
331	597
331	4633
331	762
331	9156
331	7386
8524	1237
8589	370
8589	3326
352	7063
352	8722
352	533
352	9367
352	4633
352	6043
352	3612
352	3820
352	2601
352	1710
352	1586
352	1460
352	5820
352	8125
352	8127
352	4032
352	1604
352	1100
352	2764
352	3919
352	5969
352	9046
352	8023
352	1510
352	2662
352	488
352	1257
352	8940
352	2936
352	8185
352	636
352	3199
338	7554
338	814
338	1604
338	7750
338	390
338	615
338	1020
338	1515
338	1703
338	7063
338	760
338	4633
338	7386
338	572
1763	1002
1763	6043
2388	513
2388	3030
2389	3653
2389	2867
2389	6618
2389	1274
343	8533
343	1287
343	2732
343	397
343	1686
343	7063
343	4633
343	3612
343	5926
343	7592
343	6057
343	1069
343	1587
343	3389
343	8127
343	4032
343	4934
343	2762
343	5969
343	469
343	7386
343	8795
343	9312
343	489
343	2936
343	8185
343	3199
345	5926
345	9512
345	8877
345	3919
345	2936
4443	5241
4443	9196
4443	9274
4443	5182
349	2688
349	906
349	8722
349	4633
349	3612
349	5926
349	6057
349	8877
349	573
349	575
349	4934
349	3919
349	5201
349	8533
349	3167
349	9956
349	5969
349	8125
349	7592
349	4598
349	8185
349	8127
351	8613
351	8940
351	8877
351	4276
351	1686
351	5247
6501	7656
6501	1274
6501	803
4457	9345
4457	2724
4457	1960
4457	597
4457	8185
4457	8730
4457	9279
8554	5228
6507	5020
2412	4665
2412	7386
2412	6653
9618	9600
1448	3842
1448	9180
1448	575
370	3456
370	4032
370	557
370	1686
370	3612
370	1060
370	7592
370	412
370	8877
370	1587
370	1972
370	440
370	8125
370	1600
370	4934
370	5969
370	9426
370	8533
370	8023
370	3679
370	870
370	8185
370	3199
6515	3545
6515	8753
6518	8675
6518	1972
6518	4575
4473	8930
4473	4236
4473	5708
4473	1069
4473	8185
4473	4633
4473	8125
8570	7188
8570	8877
9279	1029
9279	7182
9279	8730
9279	6008
9279	3612
9279	2601
9279	1069
9279	1587
9279	1082
9279	5201
9279	3667
9279	597
9279	8795
9279	3679
9279	2662
9279	1137
9279	646
9279	1684
9279	661
9279	1686
9279	4633
9279	2716
9279	2724
9279	8894
9279	3781
9279	2762
9279	9426
9279	9429
9279	214
9279	7386
9279	6880
9279	5866
9279	8940
9279	8941
9279	2806
9279	7424
9279	9477
9279	5926
9279	7977
9279	8490
9279	1836
9279	3389
9279	4934
9279	3919
9279	5969
9279	4957
9279	3953
9279	2936
9279	3456
9279	8583
9279	912
9279	7063
9279	6043
9279	6057
9279	1460
9279	4539
9279	6076
9279	8125
9279	8127
9279	4032
9279	2499
9279	9156
9279	469
9279	1510
9279	9196
9279	1534
8572	307
8572	1069
8572	6057
8572	661
8572	1686
8572	922
8572	6043
8572	5148
8572	9374
8572	1060
8572	7592
8572	557
8572	687
8572	1586
8572	1587
8572	1460
8572	8125
8572	9156
8572	4236
8572	6221
8572	3919
8572	5201
8572	1614
8572	4822
8572	9816
8572	1117
8572	9477
8572	3814
8572	8170
8572	3179
8572	8940
8572	5161
8572	2936
8572	8185
8572	3326
8572	3199
8575	5938
6208	3833
6208	1978
6208	7299
2434	1287
2434	7063
2434	4633
2434	6043
2434	8613
2434	7592
2434	6057
2434	8125
2434	573
2434	6975
2434	4032
2434	2499
2434	3105
2434	4934
2434	8289
2434	2762
2434	3199
2434	5201
2434	2739
2434	604
2434	1501
2434	8127
2434	3389
2434	8185
2434	575
2434	5247
4483	3953
4483	5309
390	1604
390	488
390	460
390	7533
390	8877
390	8185
390	7063
390	4633
390	7386
390	6043
390	8127
8583	1236
8584	1972
8586	2019
8586	3944
8586	8940
8586	7182
8586	5459
397	1667
397	8185
397	8722
397	6548
397	1686
397	7063
397	4633
397	3612
397	9798
397	5926
397	7592
397	6057
397	1069
397	687
397	307
397	9397
397	951
397	2762
397	8127
397	2500
397	4934
397	4236
397	6732
397	462
397	5969
397	6614
397	7386
397	2662
397	8940
397	3389
397	2544
397	3476
6548	1667
6548	8940
6548	9006
6548	9426
6548	7182
6548	1686
6548	7386
6552	7463
6552	7063
6552	8185
6552	479
2458	1937
2458	958
412	3680
412	9633
412	1060
412	5926
412	4934
412	3820
412	2762
412	8722
412	4878
412	847
412	1587
412	1237
412	1113
412	4537
412	6043
412	8127
6558	1020
6558	3327
416	5926
416	5961
416	2132
416	6057
416	2936
416	4633
416	7386
416	2622
3824	2859
3824	4737
3824	6659
3824	6187
8613	513
8613	903
8613	6153
8613	8722
8613	4633
8613	3612
8613	927
8613	6057
8613	5040
8613	2739
8613	6975
8613	4934
8613	3105
8613	8940
8613	1137
8613	8185
8613	5247
4519	5433
4519	9210
4519	9866
4519	8127
8617	4667
3492	9130
428	2662
428	4934
428	8185
428	8533
428	9196
428	3810
428	5926
428	629
428	7063
428	4537
428	7386
428	3199
428	3679
428	8125
428	4633
428	575
1378	1604
1378	5926
1378	3496
1378	2538
1378	7627
1378	8940
1378	689
1378	8185
1378	4633
1378	2489
1378	7386
1378	6043
1378	6409
1378	8127
4531	3346
4532	2538
2485	4934
2485	6598
2485	7592
2485	7721
2485	9485
2485	5201
2485	9716
2485	8185
2485	3919
2485	9477
4534	2536
4534	5926
4536	2694
4536	6327
2489	5654
2489	4633
2489	5402
2489	5020
2489	5926
2489	6057
2489	8877
2489	1710
2489	689
2489	1586
2489	1587
2489	8125
2489	8127
2489	1604
2489	4934
2489	3019
2489	9426
2489	7386
2489	8940
2489	722
2489	8185
2489	3199
2490	3569
2490	1938
2490	2973
2490	9375
4539	6880
4539	9429
4539	6008
4539	4957
6218	3814
6218	4846
8608	5075
8608	8700
2499	1287
2499	9477
2499	8722
2499	3389
2499	8854
2499	7063
2499	4633
2499	6043
2499	3612
2499	3105
2499	5926
2499	8125
2499	4266
2499	903
2499	8877
2499	573
2499	575
2499	4934
2499	9633
2499	7752
2499	457
2499	3919
2499	5201
2499	9426
2499	214
2499	1469
2499	7386
2499	9679
2499	604
2499	8289
2499	8127
2499	2662
2499	2536
2499	9196
2499	7592
2499	2936
2499	8185
2499	762
2499	3199
2500	7872
2500	8127
2500	4934
2500	4236
2500	8940
2500	1069
2500	5201
2500	8185
2500	6614
2500	4633
2500	4537
2500	9679
2500	3389
2500	6975
8645	2694
6598	7721
6599	1779
6599	7063
3833	8738
3833	1978
457	3072
457	5926
457	4934
457	903
457	3919
457	3440
457	7063
457	6043
457	8127
460	865
460	4633
460	1604
460	8738
460	1426
460	6989
460	818
460	7063
460	9848
460	2905
460	7386
460	4702
462	3523
462	8127
462	2762
462	7125
462	8185
462	7386
462	6043
462	3199
6221	9816
6221	4822
6153	8722
6153	6043
6153	1446
6153	7592
6153	8877
6153	1587
6153	8125
6153	8127
6153	2762
6153	1614
6153	3919
6153	4692
6153	8533
6153	8940
6153	6975
6153	5247
469	9477
469	8023
469	1069
469	6057
469	661
469	1686
469	7063
469	6043
469	5926
469	7592
469	2601
469	8877
469	1458
469	1587
469	3389
469	4032
469	6081
469	2762
469	5969
469	9426
469	9046
469	7386
469	8289
469	998
469	2662
469	8940
469	8185
469	8127
469	3196
6614	7872
6614	8940
6615	3569
6615	9375
2520	9894
2520	6695
2520	4698
2520	5631
2520	5183
9636	1537
9636	1706
4570	1411
4570	9156
4570	9477
4570	7592
4570	8877
4570	5423
4570	1587
4570	7063
4570	4633
4570	7386
4570	8125
6619	5280
6619	1891
6619	4934
6619	6192
6619	9046
6619	3227
478	1029
478	648
478	905
478	1686
478	7063
478	4633
478	6043
478	3820
478	8877
478	4276
478	5820
478	8125
478	4032
478	2764
478	5969
478	7386
478	8940
478	8185
478	3199
479	4633
479	4934
479	903
479	2536
479	4537
479	1287
479	3919
479	4213
479	7063
479	7386
479	8127
479	3389
479	8894
479	3199
8672	8893
8672	8127
8675	4575
2532	4633
2532	1510
2532	3497
2532	9623
2532	8940
2532	1586
2532	9679
2532	816
2532	5969
2532	8722
2532	8185
2532	7063
2532	8023
2532	6057
2532	636
2536	513
2536	903
2536	776
2536	8722
2536	3389
2536	7063
2536	4633
2536	6043
2536	5926
2536	6057
2536	1287
2536	4537
2536	573
2536	8127
2536	4032
2536	4934
2536	5961
2536	2762
2536	9149
2536	5201
2536	8125
2536	214
2536	7386
2536	3919
2536	604
2536	8289
2536	2662
2536	1642
2536	8940
2536	8174
2536	1137
2536	4598
2536	2936
2536	8185
2536	762
2536	3199
489	9156
489	5926
489	4934
489	1287
489	2936
2538	6043
2538	5926
1408	4032
1408	8289
1408	6043
1408	9851
1408	3913
1408	8940
1408	3919
1408	7377
1408	1938
1408	4213
1408	6057
1408	472
1408	8185
1408	3199
1408	6975
2544	9679
2544	9200
2544	8722
2544	1586
2544	7063
2544	4633
7592	7685
7592	8722
7592	533
7592	4633
7592	3612
7592	3105
7592	2601
7592	1069
7592	1586
7592	1587
7592	573
7592	1604
7592	1100
7592	1614
7592	5201
7592	3667
7592	597
7592	3670
7592	1113
7592	3679
7592	1638
7592	2662
7592	628
7592	3199
7592	648
7592	661
7592	1686
7592	537
7592	4266
7592	8877
7592	687
7592	5817
7592	8894
7592	2762
7592	2769
7592	9426
7592	1239
7592	7386
7592	2806
7592	762
7592	9477
7592	1287
7592	4878
7592	2850
7592	5926
7592	1836
7592	3389
7592	4934
7592	4236
7592	3919
7592	5969
7592	8533
7592	2936
7592	906
7592	9623
7592	3476
7592	7063
7592	5018
7592	6043
7592	6057
7592	5040
7592	951
7592	440
7592	4537
7592	6076
7592	8125
7592	8127
7592	4032
7592	9156
7592	6732
7592	8172
7592	8185
6495	5506
6495	6671
6495	784
6495	629
4598	6057
4598	8722
4598	8185
4598	7319
4598	4633
4598	604
3497	4032
3497	1638
3497	1510
3497	1865
3497	5515
3497	8877
3497	9679
3497	5969
3497	5926
3497	8854
3497	8185
3497	6043
3497	5020
2132	5926
2132	8940
2132	7386
2132	2622
4604	5201
4604	1082
4604	8722
4604	5373
6653	4633
6653	8185
6653	8940
6653	3523
6653	8125
6653	7063
6653	7386
6653	5274
6653	3612
6653	972
4607	4648
4607	3119
513	1287
513	5961
513	1642
513	8940
513	7186
513	4238
513	1229
513	5201
513	5490
513	8185
513	3612
513	1908
6661	2694
6661	8040
6661	7145
6661	5135
6661	6327
6661	5339
6661	3199
4615	8185
4615	4092
4615	3270
4615	9959
6668	7386
6668	1029
6671	5506
9633	1600
9633	6081
9633	4032
9633	1510
9633	4934
9633	903
9633	905
9633	1710
9633	9679
9633	5201
9633	9426
9633	5926
9633	4537
9633	6043
4626	9810
4626	2991
6675	2688
533	9477
533	9196
533	6057
533	7063
533	4633
533	6043
533	3820
533	4903
533	2601
533	1586
533	1460
533	4032
533	1604
533	1100
533	2764
533	5969
533	8533
533	7386
533	1510
533	488
533	8940
533	5869
533	2936
533	8185
2584	7041
2584	2913
2584	7593
2584	7627
2584	3149
2584	878
2584	7346
2584	3027
537	1440
537	8940
537	2662
537	9196
537	5969
537	4934
537	8185
537	4537
537	5018
537	8894
537	8127
8730	2724
2593	4032
2593	5969
2593	8722
2593	701
2593	8127
8738	865
8738	3888
8738	1978
8738	4702
8738	3295
6692	762
6692	3612
8743	4032
2601	1069
2601	8854
2601	7063
2601	4633
2601	6043
2601	1440
2601	5926
2601	6057
2601	557
2601	1710
2601	1586
2601	8125
2601	4032
2601	7840
2601	4934
2601	5969
2601	9426
2601	7386
2601	2662
2601	488
2601	8940
2601	9590
2601	8185
2601	8127
2601	8533
3847	4633
3847	722
3847	972
3847	7386
8748	6695
557	3456
557	4032
557	645
557	7063
557	6043
557	3612
557	1060
557	1587
557	8125
557	8127
557	1600
557	9156
557	1614
557	9679
557	5969
557	8533
557	7386
557	5073
557	8940
557	8185
2606	7139
2606	9196
2606	1908
2606	8854
2606	5817
2606	8633
2606	6043
2606	8125
2606	3262
1117	4032
1117	8289
1117	8127
1117	5926
1117	7752
1117	3820
1117	9196
1117	3919
1117	5201
1117	661
1117	6057
1117	2936
1117	6043
6705	5228
4661	1848
4661	7972
4661	5710
4665	4633
4665	8127
2619	4032
2619	3820
2619	4876
2619	8170
2619	9623
2619	8940
2619	7182
2619	8854
2619	7063
2619	8185
2619	7386
2619	8127
2619	1710
2619	3199
572	1280
572	1020
572	1933
572	3327
573	8533
573	8722
573	7063
573	4633
573	6043
573	5020
573	3105
573	5926
573	3612
573	1287
573	1069
573	4537
573	3389
573	575
573	6081
573	4934
573	2762
573	3919
573	5201
573	8125
573	214
573	2647
573	7386
573	604
573	2662
573	9196
573	1137
573	4213
573	8185
573	8127
573	3199
2622	3704
575	1287
575	906
575	8722
575	3389
575	4633
575	5423
575	3612
575	6043
575	5540
575	5926
575	6057
575	8127
575	7872
575	4934
575	4042
575	3919
575	5201
575	8125
575	214
575	2647
575	1469
575	7386
575	9679
575	2662
575	8185
575	3199
2624	5474
1120	7182
1120	661
1120	7063
1120	4633
1120	5926
1120	3523
1120	4934
1120	3919
1120	5201
1120	8023
1120	7386
1120	2936
1120	8185
1120	3199
1803	9672
1803	1426
1803	7666
1803	5467
1803	8127
2628	1029
2628	3756
2628	3179
2628	8877
2628	5969
2628	9426
2628	4697
2628	6043
2628	8125
8774	3132
8774	6879
8289	4032
8289	8722
8289	8854
8289	7063
8289	5794
8289	6057
8289	3389
8289	6975
8289	1600
8289	4934
8289	1480
8289	2764
8289	3919
8289	5201
8289	2916
8289	5969
8289	8940
8289	8533
8776	1192
2633	3082
2633	1274
8779	4633
8779	7806
6732	9798
4686	645
4686	5926
4686	5969
4686	8877
4686	5329
4686	8023
4686	6043
4686	5018
4686	8127
2639	7497
2639	3532
2639	878
2639	7386
2639	3550
6736	5350
6736	2815
440	9426
440	9456
440	9619
440	8185
440	5817
440	8125
440	3679
4692	9477
4692	8940
4692	9709
4692	8185
4692	7063
4692	5788
4692	7386
597	3755
597	2724
597	5926
597	903
597	1132
597	3919
597	5201
597	2994
597	8185
597	762
597	6043
597	7386
2647	9196
2647	7182
2647	2991
2647	8533
2647	8185
2647	4633
2647	6043
2650	912
2650	3364
8795	3781
8795	2762
8795	7063
8795	1069
8795	2936
8795	5866
604	8533
604	1287
604	9196
604	9623
604	8722
604	7063
604	4633
604	6043
604	3612
604	5926
604	6057
604	5040
604	4537
604	8127
604	4934
604	3105
604	1480
604	2762
604	5201
604	5586
604	8125
604	7386
604	1501
604	8940
604	3389
604	1137
604	8185
604	3199
4702	9848
4702	865
4702	1978
8801	7547
613	8860
613	4042
613	9629
2662	959
2662	8533
2662	7688
2662	1069
2662	6057
2662	8722
2662	1686
2662	7063
2662	6043
2662	1440
2662	1676
2662	8125
2662	8877
2662	1710
2662	1586
2662	1460
2662	9397
2662	951
2662	4537
2662	4032
2662	6081
2662	1604
2662	4934
2662	876
2662	6008
2662	7386
2662	2916
2662	8127
2662	8940
2662	3389
2662	629
2662	8185
2662	4633
2662	3199
615	4807
615	8188
615	3119
615	760
1469	993
1469	6043
1469	5926
1469	6057
1469	5201
1469	8722
1469	8185
1469	8825
1469	3199
1469	3612
1469	8125
2674	1850
2674	6907
2674	9815
628	646
628	1069
628	8722
628	1686
628	5926
628	6057
628	8877
628	1587
628	8125
628	8127
628	4934
628	5201
628	9426
628	8533
628	7386
628	998
628	8940
628	701
628	3199
629	7200
629	912
629	706
629	803
629	4934
629	6081
629	2027
629	877
629	784
629	7386
629	3199
629	8125
4726	5826
4726	5952
4726	7386
4726	7627
4726	4213
8825	9332
8827	7716
636	3820
636	9623
636	972
636	7063
636	4633
636	5926
636	1586
636	1460
636	1848
636	5820
636	8125
636	6975
636	1604
636	5961
636	7627
636	1100
636	5969
636	722
636	5075
636	8185
636	7386
636	1510
636	488
636	1257
636	8940
636	2936
636	8127
2688	8722
4737	6187
4737	9283
4737	2859
2690	5926
6787	2954
6787	7182
645	4032
645	1060
645	6057
645	5969
645	8023
645	1587
645	8533
645	7063
645	6905
645	6043
645	4633
645	8127
646	6043
646	808
646	6057
646	1587
646	4537
646	701
646	7872
646	4934
646	7497
646	3919
646	5201
646	1236
646	7386
646	3679
646	878
646	8125
646	8185
646	3199
4743	3256
4743	3254
648	4032
648	6957
648	8877
648	3953
648	7063
648	7386
648	3199
1132	2724
1132	9477
1132	1960
1132	8185
1132	6907
661	9477
661	1069
661	1686
661	4633
661	6043
661	6057
661	8877
661	1587
661	3523
661	9156
661	3919
661	5201
661	8023
661	7386
661	8127
661	7526
661	8940
661	8722
661	4213
661	2936
661	3326
8854	903
8854	9196
8854	7063
8854	4876
8854	6057
8854	1710
8854	6807
8854	4633
8854	6043
8854	3612
8854	5794
8854	1069
8854	1586
8854	8185
8854	4537
8854	3389
8854	3262
8854	3400
8854	2762
8854	972
8854	5969
8854	722
8854	8633
8854	2916
8854	1510
8854	488
8854	3179
8854	8940
8854	8125
8854	2936
8854	5241
8854	762
8854	6780
6807	1964
6807	7182
6807	8940
6807	1710
6807	7386
6807	8533
2716	5249
2716	9477
2716	7063
2716	6043
2716	5926
2716	6057
2716	4934
2716	9927
2716	7377
2716	1239
2716	7386
2716	678
2716	5969
2716	8940
2716	2936
2716	8185
2716	8127
2716	3199
2724	9345
2724	1960
2724	3402
2724	7472
2724	8185
678	5249
678	3208
678	8722
678	1686
678	7063
678	6043
678	5926
678	6057
678	8362
678	307
678	8127
678	7872
678	6081
678	4934
678	3919
678	5201
678	3667
678	7386
678	5969
678	8940
678	5486
678	2936
2732	1440
2732	5926
2732	4934
2732	6124
2732	4236
2732	1239
2732	8940
2732	8877
2732	6057
2732	9365
2732	8185
2732	8127
2732	9756
2732	7386
2732	3612
2732	3199
8877	1029
8877	7688
8877	7182
8877	7188
8877	4633
8877	3612
8877	1069
8877	1586
8877	1587
8877	5201
8877	1619
8877	3679
8877	3179
8877	5241
8877	1686
8877	3756
8877	9393
8877	1741
8877	2936
8877	9426
8877	1236
8877	7386
8877	8940
8877	3324
8877	9477
8877	1287
8877	5926
8877	6957
8877	307
8877	3389
8877	3903
8877	4934
8877	3919
8877	5969
8877	8023
8877	870
8877	3953
8877	905
8877	7063
8877	6043
8877	1446
8877	8125
8877	8127
8877	4032
8877	9679
8877	8170
8877	9709
8877	8185
687	9477
687	1287
687	8722
687	1686
687	7063
687	4633
687	6043
687	4001
687	5926
687	1069
687	958
687	4934
687	7752
687	4236
687	5201
687	9426
687	7386
687	6057
689	6409
689	7063
689	4633
689	5402
689	6043
689	5926
689	6057
689	1710
689	1604
689	2764
689	7386
689	2854
689	8940
689	2936
689	8185
689	3199
2739	5040
2739	3105
2739	5247
6601	7386
6601	3523
6601	8940
701	7809
701	7063
701	8722
701	9623
701	4633
701	1056
701	808
701	3370
701	5293
701	3762
701	1587
701	8127
701	4032
701	4934
701	9046
701	2923
701	878
701	8185
701	3199
8894	9494
8894	776
8894	3734
8894	4633
8894	1440
8894	3105
8894	1445
8894	6057
8894	1836
8894	4537
8894	9156
8894	4934
8894	5201
8894	7386
8894	8185
8894	8127
4213	1287
4213	8722
4213	7063
4213	4633
4213	6043
4213	3612
4213	6057
4213	903
4213	1587
4213	8127
4213	5952
4213	7497
4213	7627
4213	3919
4213	5201
4213	7386
4213	7259
4213	3550
4213	8125
4213	8185
4213	3199
6848	1229
706	2027
706	4934
706	877
2755	5020
2755	1741
2755	9623
8900	7261
4807	3119
4807	1520
4807	760
2508	5926
2508	3816
2508	8940
2508	9426
2508	8722
2508	6612
2508	472
2508	3199
2762	8533
2762	1287
2762	4878
2762	3389
2762	7063
2762	4633
2762	6043
2762	5926
2762	3612
2762	8125
2762	1069
2762	1587
2762	1082
2762	4032
2762	4537
2762	4934
2762	5961
2762	3919
2762	5201
2762	9426
2762	214
2762	1113
2762	7386
2762	8127
2762	5969
2762	9196
2762	1137
2762	1779
2762	2806
2762	6057
2762	8185
2762	6975
2762	3199
9335	3256
2764	4032
2764	8940
2764	1686
2764	4633
2764	6043
2764	3820
2764	1446
2764	6057
2764	1586
2764	5820
2764	8127
2764	7752
2764	5969
2764	9426
2764	5454
2764	7386
2764	1510
2764	488
2764	9196
2764	2936
2764	8185
2764	5247
1865	1510
1865	1638
1865	5969
1865	5961
1865	8185
1865	6043
4816	1002
2769	7386
2769	6081
2769	3199
722	972
722	9623
722	4633
722	6043
722	6057
722	7047
722	1586
722	8127
722	1604
722	7752
722	5961
722	1100
722	5969
722	9426
722	8185
722	7386
722	8940
722	5241
6867	7872
6867	7386
1797	3370
1797	8533
1797	2936
1797	4633
1797	3324
6606	1446
8655	9398
8655	3327
4829	2936
4829	8722
4829	307
4829	5039
6879	3132
6880	2884
6880	2853
6880	7687
6880	3848
6880	6008
6880	3002
6880	4957
8930	9404
7633	877
3196	9177
3196	5926
3196	8127
8940	7688
8940	7182
8940	7186
8940	5651
8940	3612
8940	3105
8940	8236
8940	1586
8940	1587
8940	9056
8940	1604
8940	7752
8940	1100
8940	8722
8940	1137
8940	5247
8940	5249
8940	1667
8940	5274
8940	5794
8940	1710
8940	4276
8940	4277
8940	7872
8940	3270
8940	972
8940	1239
8940	1060
8940	7386
8940	3816
8940	3820
8940	9426
8940	1779
8940	3199
8940	9477
8940	1287
8940	6409
8940	4876
8940	1069
8940	8185
8940	5926
8940	808
8940	1836
8940	9006
8940	816
8940	3389
8940	6975
8940	8001
8940	4934
8940	5454
8940	3919
8940	5969
8940	8533
8940	8023
8940	2916
8940	1510
8940	870
8940	876
8940	7533
8940	488
8940	1908
8940	2936
8940	1411
8940	4633
8940	1686
8940	9623
8940	5869
8940	7063
8940	6043
8940	5020
8940	2974
8940	1440
8940	5030
8940	3496
8940	6057
8940	3499
8940	1964
8940	5040
8940	1458
8940	1460
8940	8125
8940	8127
8940	4032
8940	6081
8940	3523
8940	1480
8940	7627
8940	5073
8940	9687
8940	472
8940	1446
8940	998
8940	8170
8940	8172
8940	4092
8941	8127
8941	5161
8941	5969
8941	1586
8941	1587
8941	7063
8941	8185
8941	3199
8941	7386
4846	4906
4846	3814
6898	3400
6898	9101
2806	8788
2806	4934
2806	1069
2806	3919
2806	1137
2806	8185
2806	4633
2806	7063
2806	4537
2806	3199
1587	8127
1587	1411
1587	4032
1587	4878
1587	1686
1587	7063
1587	4633
1587	6043
1587	3820
1587	5926
1587	8533
1587	6057
1587	8125
1587	1069
1587	8722
1587	6081
1587	9477
1587	4934
1587	4236
1587	1614
1587	5201
1587	9426
1587	1060
1587	7386
1587	870
1587	998
1587	3389
1587	1779
1587	2936
1587	8185
1587	5247
1587	3199
760	8171
760	7750
760	2892
760	2815
6905	9156
6905	1480
6905	8533
6905	214
6905	8127
762	903
762	4236
762	7063
762	4633
762	3612
762	3105
762	4537
762	8125
762	8127
762	5201
762	7386
762	3389
762	8185
6907	9477
6907	1960
6907	8185
6907	1850
4860	9142
2815	5350
3542	3082
5249	8127
5249	3208
5249	905
5249	9196
5249	5969
5249	7752
5249	9426
5249	8185
5249	4934
5249	7063
5249	4537
5249	3612
5249	6043
5249	7386
5249	2974
5249	9477
776	6043
776	1287
776	6057
776	9196
776	5201
776	7386
776	3919
2826	9320
2826	9599
4876	8170
4876	9869
4876	5020
4878	9426
4878	4537
5933	8722
5933	6475
784	5506
784	803
784	4934
784	9603
472	4032
472	5969
472	8722
472	8185
472	9333
472	2936
472	8127
472	3199
2837	9341
2837	1646
6618	5827
6618	3428
6618	3653
6618	5228
6618	9165
6618	2867
6618	1274
6618	5612
6618	3749
8993	7688
2850	9477
2850	4934
2850	6058
2850	3214
2850	5201
2850	9426
2850	4918
2850	7063
2850	3199
803	9603
803	4934
803	1274
2853	3002
2853	2884
2853	3848
2854	7386
2854	5926
2854	3614
2854	8185
4903	8533
808	9477
808	7063
808	9623
808	3227
808	927
808	4032
808	4934
808	3919
808	5201
808	1236
808	9046
808	7386
808	3679
808	1891
808	878
808	8185
808	3199
4906	3814
2859	2037
2859	2262
6957	9908
9006	9426
816	1686
816	4633
816	6043
816	5030
816	6057
816	1069
816	1586
816	4537
816	8127
816	4032
816	9156
816	4934
816	7386
816	5926
816	8172
816	8185
816	3199
2867	3428
2867	3653
820	9508
820	4969
820	3346
820	6975
4918	7872
4918	1411
4918	5540
4918	9477
4918	4934
4918	7752
4918	6058
4918	9393
4918	8185
4918	4633
4918	1060
4918	6043
4918	3326
4918	3679
4575	1972
4575	5077
6975	7688
6975	7063
6975	4633
6975	283
6975	3612
6975	3105
6975	9508
6975	5926
6975	6057
6975	1069
6975	3389
6975	7872
6975	4934
6975	3919
6975	5201
6975	9426
6975	8533
6975	5969
6975	488
6975	5949
6975	8185
6975	3199
6975	5247
9024	5183
8893	9365
8893	8127
2884	4015
2884	5816
2884	7290
4934	1537
4934	307
4934	8722
4934	3612
4934	3820
4934	7752
4934	5201
4934	4537
4934	3679
4934	4711
4934	5817
4934	1137
4934	5247
4934	3208
4934	1686
4934	9156
4934	7872
4934	1236
4934	1239
4934	7386
4934	1779
4934	3199
4934	9477
4934	1287
4934	2694
4934	5926
4934	5423
4934	3389
4934	4236
4934	3919
4934	5969
4934	1891
4934	876
4934	877
4934	878
4934	1908
4934	2936
4934	1684
4934	1411
4934	4633
4934	905
4934	912
4934	3476
4934	7063
4934	6043
4934	2974
4934	927
4934	1440
4934	5020
4934	8125
4934	8127
4934	4032
4934	1480
4934	9679
4934	1501
4934	998
4934	2027
4934	9196
4934	6057
4934	8185
4934	1534
4236	9477
4236	8185
4236	4633
4236	6043
4236	5926
4236	1069
4236	4537
4236	3389
4236	8127
4236	5201
4236	1239
4236	7386
4236	6057
2892	7750
6989	9726
4238	6098
9046	4032
9046	3227
9046	1891
9046	3370
9046	2923
9046	878
9046	8722
9046	4633
9046	7386
9046	927
2905	9848
2905	4633
2905	1426
2905	5893
9050	307
4957	7977
4957	6008
4957	9661
1938	3569
1938	9375
9056	998
2913	7041
2913	3149
4963	7513
4963	5997
4963	4633
2916	972
2916	1586
2916	7344
2916	5969
2916	8722
2916	2936
2916	8185
2916	7386
2916	1257
2916	5020
2916	8125
1510	9623
1510	4633
1510	5020
1510	1586
1510	1460
1510	4032
1510	5961
1510	5201
1510	8788
1510	7386
1510	1638
1510	5969
1510	488
1510	2936
1510	8185
870	6043
870	8722
870	1060
870	8185
870	5423
870	1411
870	1779
870	9851
870	8125
870	3679
4969	9508
2923	1056
2923	8722
2923	8127
876	9156
876	7688
876	9623
876	1069
876	1686
876	4633
876	7386
876	3389
876	3199
877	2027
877	912
877	5969
877	8276
877	7386
877	4667
878	8722
878	4757
878	9623
878	8127
878	4032
878	3915
878	7497
878	7627
878	3532
878	5201
878	1236
878	3550
878	1002
878	8185
878	3199
2928	1937
488	8023
488	6057
488	5651
488	7063
488	4633
488	6043
488	1710
488	1460
488	4032
488	1604
488	1100
488	7627
488	5201
488	9687
488	7386
488	5969
488	7533
488	8185
882	896
882	7685
882	1931
882	307
882	8533
882	8185
882	2936
882	9593
882	7386
882	6043
2932	7322
2932	1564
4983	3072
4983	7547
2936	7685
2936	8722
2936	5039
2936	1060
2936	1586
2936	1604
2936	5201
2936	3667
2936	8788
2936	5241
2936	3199
2936	4633
2936	1710
2936	5820
2936	1215
2936	1236
2936	7386
2936	9477
2936	5926
2936	3370
2936	307
2936	5961
2936	3915
2936	3919
2936	5969
2936	8533
2936	1686
2936	903
2936	3820
2936	7063
2936	5018
2936	6043
2936	5020
2936	6057
2936	2991
2936	1460
2936	8125
2936	8127
2936	4032
2936	9156
2936	972
2936	1614
2936	1002
2936	8185
2936	1534
865	3888
865	1978
865	3295
896	3115
896	1623
7041	3027
7041	3149
7046	3704
903	4633
903	1287
903	7186
903	7063
903	6043
903	3612
903	3105
903	5926
903	6057
903	5040
903	3389
903	8127
903	5961
903	3919
903	5201
903	7386
903	8125
903	8185
903	3199
5000	9754
5000	1100
905	6043
905	1029
905	5969
905	8185
905	4537
905	7386
905	3199
905	8125
906	6057
906	9426
906	3919
906	5201
906	8722
9102	8362
912	3364
912	2027
912	5969
912	1684
912	4667
7060	8100
7060	8068
7060	5711
1779	8125
1779	6057
1779	7063
1779	4633
1779	7386
1779	8127
1779	3199
3031	4032
3031	1236
3031	3504
3031	9365
3031	7063
3031	4537
3031	7386
3031	8127
3031	3199
7063	7688
7063	8023
7063	8722
7063	3612
7063	3105
7063	1586
7063	1604
7063	7752
7063	1100
7063	5201
7063	1891
7063	3679
7063	6404
7063	1646
7063	1137
7063	5241
7063	5247
7063	1667
7063	2694
7063	3214
7063	4633
7063	3953
7063	5818
7063	3781
7063	972
7063	214
7063	1239
7063	1060
7063	7386
7063	1257
7063	5866
7063	7920
7063	3199
7063	9477
7063	1287
7063	1069
7063	8185
7063	5926
7063	3370
7063	307
7063	3389
7063	5961
7063	3981
7063	5969
7063	3444
7063	1686
7063	3820
7063	8711
7063	6043
7063	5020
7063	1440
7063	9200
7063	1446
7063	6057
7063	3499
7063	5040
7063	1460
7063	951
7063	4537
7063	8125
7063	8127
7063	4032
7063	1480
7063	5073
7063	3919
7063	2027
7063	9196
7063	7670
922	3590
922	5969
922	7377
922	8185
922	7386
922	959
922	8125
922	1534
922	3199
5020	3820
5020	9623
5020	3981
5020	8722
5020	1686
5020	4633
5020	6043
5020	1060
5020	1446
5020	1586
5020	1460
5020	8127
5020	4032
5020	5961
5020	1741
5020	9679
5020	8533
5020	4537
5020	7386
5020	5969
5020	1257
5020	8185
5020	1534
2973	3429
2973	9375
2974	4032
2974	9477
2974	7752
2974	5684
2974	8788
2974	4537
2974	3612
2974	3199
933	8127
933	1215
5030	6043
7666	5893
7666	7724
7666	1426
7666	4633
7666	5467
2991	5683
2991	3582
2991	3199
5040	3105
5040	8185
5040	3612
5040	8125
5040	5201
5040	4633
5040	7386
5040	5247
2994	9296
2994	7768
2994	6034
5044	3734
5044	1445
5961	1287
5961	5257
5961	8722
5961	6043
5961	3499
5961	1586
5961	1460
5961	8127
5961	4032
5961	3009
5961	1100
5961	972
5961	8185
5961	7386
5961	1638
5961	5241
9149	8023
9149	8185
9149	7386
958	1937
959	8127
959	9477
959	3590
959	1676
959	5018
959	5969
959	5926
959	8185
959	6043
959	7386
959	1534
959	3199
9153	5486
3915	1002
3915	5201
3915	1236
3915	4757
3915	7386
9156	3456
9156	4032
9156	1411
9156	9477
9156	9196
9156	8172
9156	1686
9156	4633
9156	5018
9156	6043
9156	3612
9156	7386
9156	7712
9156	1060
9156	5926
9156	1287
9156	4537
9156	8250
9156	8125
9156	1604
9156	3412
9156	5969
9156	3667
9156	8185
9156	7607
9156	8127
9156	3199
3019	5926
3019	9679
3019	9426
3019	8185
3019	7386
3019	8125
972	7047
972	9623
972	1604
972	5969
972	8185
972	5241
972	7386
972	1257
972	4633
8284	3614
5073	4032
5073	3499
5073	1100
5073	3953
5073	8533
5073	1686
5073	8185
5073	7386
5073	8125
5073	8127
5075	5820
5075	5969
5075	1848
5077	1972
3030	3498
9180	3842
1534	8127
1534	5969
1534	7182
1534	7377
1534	5926
1534	1686
1534	8185
1534	7386
1534	3389
1534	3199
993	9477
993	6438
993	8125
993	5201
993	8722
7139	1908
7139	8185
7139	5817
7139	6043
7139	5436
7139	8125
7140	1274
998	8127
998	1069
998	8125
998	5201
998	1686
998	8185
998	7386
998	6057
998	5402
998	3199
7145	2694
1002	5201
1002	1236
1002	4757
1002	6043
9196	3456
9196	9477
9196	1287
9196	9623
9196	6057
9196	6043
9196	3612
9196	5926
9196	1686
9196	1604
9196	4537
9196	4032
9196	3009
9196	1480
9196	1614
9196	3919
9196	5969
9196	8125
9196	7386
9196	1638
9196	8711
9196	3820
9196	8722
9196	7920
9196	1137
9196	4633
9196	3199
7151	8722
7151	3919
9200	8722
9200	9679
9200	1586
4671	3612
1020	3623
1020	1515
1020	3474
1020	7192
1020	3327
8362	8722
8362	5486
3072	3440
3072	9076
1029	6043
1029	3756
1029	3179
1029	5969
1029	1686
1029	8185
1029	4633
1029	7386
1029	8125
4609	8127
4609	3981
4609	9382
4609	4759
307	8722
307	1686
307	6043
307	6057
307	5039
307	8125
307	6081
307	5201
307	7386
307	5926
307	8185
3082	1274
3082	7594
7179	3422
7181	7830
7181	5350
7182	9623
7182	1069
7182	1426
7182	1667
7182	1686
7182	4633
7182	1964
7182	1710
7182	2954
7182	9426
7182	5459
7182	7386
7182	2019
7182	3944
7182	8125
7182	1619
7182	8185
7182	8127
7182	3199
5135	5339
5135	2694
7186	7627
7186	9623
7186	7386
7188	3953
7001	6057
7192	3474
7194	3569
7194	9375
5148	6043
5148	5926
9245	3762
1056	4032
1056	3762
1056	8722
1056	8185
1056	4633
1056	6043
1056	3132
1056	8127
3105	7688
3105	8722
3105	4633
3105	6043
3105	3612
3105	5926
3105	6057
3105	5201
3105	8125
3105	7386
3105	3389
3105	8185
3105	5247
3105	3199
1060	3820
1060	8023
1060	4633
1060	5018
1060	6043
1060	5926
1060	5820
1060	8125
1060	4032
1060	1614
1060	5969
1060	9426
1060	9477
1060	7386
1060	3422
1060	3679
1060	8185
1060	9851
1060	3199
9254	7593
3115	1623
1069	8127
1069	1686
1069	8533
1069	8185
1069	6057
1069	4633
1069	283
1069	1440
1069	6043
1069	5926
1069	8125
1069	4537
1069	7872
1069	3781
1069	3199
1069	3919
1069	5201
1069	9679
1069	7386
1069	5969
1069	3389
1069	5247
4276	4032
4276	6043
4276	1686
4276	283
1082	6043
1082	9287
1082	7849
1082	1287
1082	5201
1082	8722
1082	8185
1082	5400
1082	4633
3132	3762
3132	9745
5181	8185
5182	5635
5182	5241
5182	8127
5183	6695
5183	4698
5183	5631
4537	9477
4537	1239
4537	8722
4537	6043
4537	1440
4537	3820
4537	5926
4537	1137
4537	8125
4537	3612
4537	8127
4537	4032
4537	9287
4537	3919
4537	5201
4537	1237
4537	1113
4537	7386
4537	9679
4537	1501
4537	5969
4537	3389
4537	6057
4537	8185
4537	6780
4537	4633
4537	3199
9284	1848
9284	8185
9284	8027
3254	3256
9287	8185
2694	8161
2694	6327
2694	3199
1100	9477
1100	8722
1100	5651
1100	1686
1100	4633
1100	6043
1100	9754
1100	3499
1100	1586
1100	1460
1100	5820
1100	8127
1100	4032
1100	3009
1100	1604
1100	3024
1100	8533
1100	8185
1100	7386
1100	5969
1100	9426
1100	1646
1100	1192
1100	5241
3149	3027
9296	7768
9296	7555
9296	6034
5201	7685
5201	7688
5201	5651
5201	4633
5201	3612
5201	1604
5201	4711
5201	8722
5201	1137
5201	5247
5201	3523
5201	1686
5201	7872
5201	9426
5201	1236
5201	214
5201	7386
5201	3820
5201	3199
5201	5373
5201	1287
5201	5926
5201	8125
5201	3389
5201	3919
5201	5969
5201	8533
5201	7526
5201	7533
5201	4757
5201	6043
5201	6057
5201	5039
5201	951
5201	8127
5201	4032
5201	1480
5201	3532
5201	9679
5201	8185
7011	3756
9300	9492
9300	5167
7255	1440
7255	8127
1113	5986
1113	9623
1113	7386
1113	8127
1113	3199
7259	8127
7259	7627
7259	8125
7262	7953
3167	9956
5220	6048
3179	1686
3179	9426
3179	8533
3179	8185
3179	6043
3179	8125
5228	3428
8722	4633
8722	3612
8722	9477
8722	5167
8722	1586
8722	1614
8722	1646
8722	9851
8722	3199
8722	7809
8722	1686
8722	1192
8722	5293
8722	5820
8722	1229
8722	214
8722	7386
8722	1257
8722	3324
8722	8125
8722	5423
8722	3389
8722	6475
8722	5969
8722	7533
8722	5486
8722	3820
8722	9623
8722	3981
8722	1446
8722	8127
8722	4032
8722	3919
8722	1501
8722	6057
8722	8185
1137	6404
1137	1287
1137	4633
1137	6043
1137	1480
1137	3919
1137	214
1137	3389
1137	8185
1137	8127
1137	3199
5241	3009
5241	6043
5241	3499
5241	8185
5241	5257
5241	1460
5241	7386
5241	8127
1215	5926
1215	8127
1215	1854
1215	1221
720	4633
5247	3612
5247	5926
5247	6057
5247	5818
5247	3389
5247	7386
5247	8125
5247	8185
5247	8127
5247	8533
7299	8480
7466	3913
9351	7627
3208	5926
3208	9426
3208	6043
5257	8127
3214	7386
3214	3389
3214	3199
7021	7386
7021	9932
2027	6122
2027	7386
9365	7872
9365	6057
9365	8127
9365	3199
9367	1460
5274	4633
5274	7386
3227	5280
3227	1891
3227	6192
9375	3429
9375	3569
9072	3545
9381	7125
9382	8127
1192	4032
1192	9477
1192	5651
1192	1460
3612	1287
3612	1686
3612	1239
3612	6057
3612	3456
3612	3389
3612	4633
3612	6043
3612	5926
3612	8185
3612	4032
3612	3199
3612	1229
3612	3919
3612	9426
3612	8125
3612	7386
3612	9679
3612	5969
7339	3623
4978	7752
4978	6043
5018	5926
5018	5969
5018	3667
5018	8185
5018	8127
7344	8185
9393	7752
9393	5969
9393	1586
9393	1686
9393	8127
9393	5820
9393	9477
7346	7593
7346	3027
9397	951
3256	4710
3256	3533
3256	6449
9076	3440
9076	9714
3259	8185
3259	2019
3259	9604
3262	9600
3262	3400
3262	1908
3262	5817
3262	8633
3262	6043
5311	3499
5311	8155
8633	3400
8633	6043
3270	1440
3270	8185
3270	4092
1229	3400
1229	1642
1229	3919
1229	1908
1229	5817
7375	5938
7377	7386
7377	8127
7377	7752
7377	6057
7377	8125
7377	8185
7377	6043
7377	3389
7377	3199
7378	3976
1236	9623
1236	5531
1236	8125
1236	8127
1236	4032
1236	7386
1236	3820
1236	8185
1236	3199
9429	6008
1239	3523
1239	4633
1239	9477
1239	8185
1239	5926
1239	7386
1239	6014
7386	3590
7386	7688
7386	8023
7386	5654
7386	4633
7386	3614
7386	3820
7386	1586
7386	1604
7386	7752
7386	5986
7386	1619
7386	3670
7386	3679
7386	3199
7386	1667
7386	6081
7386	3523
7386	1686
7386	1676
7386	1703
7386	1710
7386	5820
7386	7872
7386	7627
7386	5926
7386	3370
7386	7125
7386	9477
7386	8127
7386	1287
7386	6409
7386	5402
7386	9932
7386	8125
7386	7047
7386	814
7386	3756
7386	3550
7386	3389
7386	3919
7386	5969
7386	7533
7386	7497
7386	3456
7386	5952
7386	7554
7386	2954
7386	9623
7386	6043
7386	1480
7386	1446
7386	6057
7386	5039
7386	1460
7386	8185
7386	4032
7386	3009
7386	9426
7386	9679
7386	3532
7386	5586
7386	2037
3295	3888
5329	5969
5329	5926
5329	8127
1257	3981
1257	1604
1257	9623
1257	8127
6695	5631
9426	4032
9426	9477
9426	8533
9426	8023
9426	3523
9426	1686
9426	5631
9426	4633
9426	6043
9426	5926
9426	7979
9426	1586
9426	1604
9426	5820
9426	7752
9426	9679
9426	8127
9426	5969
9426	3199
9426	6057
9426	8185
5293	4633
5293	9623
5293	7809
1274	9603
1274	7594
1274	3653
3324	4633
3324	8127
5373	7635
3326	9477
3326	6043
1237	1564
1280	3327
2262	2037
1287	1686
1287	4633
1287	6043
1287	5540
1287	3820
1287	5926
1287	6057
1287	1908
1287	1480
1287	3919
1287	5969
1287	7533
1287	8185
1287	8127
1287	3199
9485	9716
9486	3456
3785	1933
7441	3602
5400	5899
5400	6043
8068	5711
5402	5926
5402	8185
5402	3199
9501	7768
9501	6034
9512	5926
3370	4633
3370	8127
7047	6057
7047	5969
7047	8125
1586	9477
1586	1686
1586	9623
1586	6057
1586	4633
1586	6043
1586	7840
1586	1446
1586	1710
1586	5926
1586	1460
1586	5820
1586	8125
1586	8127
1586	4032
1586	1604
1586	1741
1586	9679
1586	5969
1586	8023
1586	8185
5423	1411
5423	8185
5423	3679
5423	8125
7472	3402
9522	283
5683	3582
5429	7872
5429	9930
5433	9866
5436	5817
5436	1908
5436	8174
5436	8185
2954	8185
5439	3545
5439	3444
5439	5606
3659	1741
1931	7685
3400	1908
3400	5817
3400	6043
7497	7627
7497	3550
5454	5938
5454	1686
5454	8185
1933	3327
9358	5635
5459	2019
5459	3944
5459	8185
3412	1604
3412	5926
3412	8185
3412	7607
3412	4633
3412	6043
3412	3199
5467	9672
5467	7724
5467	8127
9564	3456
3422	8533
3428	5827
3428	3749
3428	5612
7526	8127
3435	4633
3435	8185
7533	9477
7533	6057
7533	8185
7533	4633
7533	6043
9585	1458
3444	3545
1405	9778
1405	4633
1405	6043
1405	3199
3456	7712
3456	4032
3456	5969
3456	8185
3456	4633
3456	6057
7562	3602
5515	6043
5515	5969
1411	8127
1411	7752
1411	8185
1411	8125
1411	3679
9619	3679
7555	6034
9623	7809
9623	1686
9623	4633
9623	3820
9623	1964
9623	5820
9623	8127
9623	1741
9623	8185
9623	5969
8772	3762
1440	9477
1440	1686
1440	951
1440	8127
1440	4032
1440	5969
1440	8533
1440	8185
1440	3199
214	3919
214	1480
214	8127
214	5926
214	6043
214	8185
214	4633
5540	6043
5540	8185
5540	3679
1445	3734
1445	8185
1446	9477
1446	4633
1446	5817
1446	8125
1446	4032
1446	1460
1446	1741
1446	5969
1446	1619
1446	2037
3496	8185
3496	5926
3498	6137
3499	3009
3499	8185
3499	8155
5021	7684
5021	6022
1458	3820
1458	1686
1458	3199
1460	9477
1460	5651
1460	4633
1460	6057
1460	5926
1460	5820
1460	8125
1460	4032
1460	1604
1460	5969
1460	8185
1460	5869
1460	8127
7607	8185
4277	1848
4277	4633
4277	8027
4277	7932
3523	8185
3523	4633
3523	6057
1480	4633
1480	5926
1480	8127
1480	3919
1480	8533
1480	8185
1480	3199
7627	5952
7627	1604
7627	8127
7627	5826
7627	6409
7627	3550
3532	3550
3533	6449
3533	7834
3533	5583
5586	8185
5586	8125
5586	8127
1614	5926
1614	8125
1614	8185
9687	8185
1501	4032
1501	6057
1501	8185
1501	4633
1501	3389
1501	3199
3550	3820
3550	3199
5606	6129
5606	7694
8711	7920
5612	3749
1619	2019
1619	8185
1619	8127
7670	5818
6057	4633
6057	7752
6057	3679
6057	1686
6057	1710
6057	7872
6057	3820
6057	3199
6057	5926
6057	8125
6057	3389
6057	3919
6057	5969
6057	1908
6057	6043
6057	8127
6057	4032
6057	6081
6057	8185
8788	4032
8788	7752
8788	5684
8788	3199
5631	4698
5631	6043
1537	1706
1537	9892
1537	8185
1537	4633
1537	8125
3590	9477
3590	5926
3590	5969
3590	3199
7687	6008
7688	6043
7688	9477
7688	3199
7688	8185
7688	8127
7688	3389
1964	1710
3602	6048
5651	4032
5651	1686
5651	1710
5651	8185
5651	8127
6404	7920
9755	8127
4698	9894
9477	4633
9477	1604
9477	7752
9477	8127
9477	3199
9477	1686
9477	5820
9477	5869
9477	1848
9477	1676
9477	5969
9477	6043
9477	8125
9477	4032
9477	9679
9477	8170
9477	1960
9477	8185
5671	7929
5671	4015
7724	9672
7724	5893
7090	1972
9779	7784
5684	7752
5684	8185
5684	6043
6409	8127
9785	6048
1600	4032
1600	8533
1600	8185
1600	8125
1600	3679
1604	4633
1604	6043
1604	3820
1604	5926
1604	1710
1604	5820
1604	4032
1604	8185
1604	3199
7752	6043
7752	5820
7752	8125
7752	8127
7752	8185
7752	3199
951	1686
951	8185
951	6076
3667	5926
3667	5969
3667	8533
3667	8185
3667	8127
3670	5926
3679	7872
3679	6043
3679	5817
3679	8125
3679	8185
3679	3199
4710	6449
1638	4032
1638	5926
1638	5969
1638	8185
1642	8174
1642	5817
1642	8185
1642	6043
9843	6058
7806	1848
7806	4633
7809	4032
7809	4633
1667	1686
1667	8185
1667	8125
1667	3199
3009	8533
3009	6043
1676	5969
1676	8086
1676	8185
1676	3199
1676	3389
1684	7981
7840	4032
7840	9955
7840	9679
7840	8185
7840	8127
283	8533
283	1686
283	8185
283	4633
283	8125
9672	7125
9672	8127
7849	6043
1706	9892
3756	8125
1710	4633
1710	6043
1710	3820
1710	8127
1710	4032
1710	9924
1710	5969
1710	8533
1710	8185
1710	3199
3762	4633
5817	7872
5817	8185
5817	1908
5817	8174
5817	4633
5817	6043
5817	8125
5818	5926
5818	6043
5818	8125
5820	4633
5820	6043
5820	1848
5820	8125
5820	8127
5820	5969
5820	3820
5820	8185
7872	4633
7872	8125
7872	8185
5826	5952
9929	6048
1741	8023
1741	4633
9848	4633
5167	1686
3810	8125
3814	3199
3820	1686
3820	4633
3820	6043
3820	5926
3820	8125
3820	8127
3820	4032
3820	3919
3820	8023
3820	5969
3820	8170
3820	8185
3820	3199
5869	5969
7920	5969
3027	8079
8490	6076
7125	8185
7125	8127
7125	3199
9600	1908
5893	1426
9859	4092
5039	8185
5926	4633
5926	8127
5926	1686
5926	3199
5926	8125
5926	3389
5926	3919
5926	5969
5926	8533
5926	8172
5926	6043
5926	4032
5926	6081
5926	9679
5926	8185
7979	8185
1836	1968
1836	8127
8499	1686
1848	5969
1848	8185
1848	4633
1848	8027
1848	8125
1850	1960
1850	8185
5949	8185
1854	8185
7768	6034
3199	4633
3199	8127
3199	1686
3199	8125
3199	3389
3199	3919
3199	5969
3199	3976
3199	6043
3199	4032
3199	6081
3199	8185
1426	8185
1426	4633
1426	8127
3919	8127
3919	8023
3919	1686
3919	4633
3919	3389
3919	6043
3919	8125
3919	1908
3919	4032
3919	8533
3919	5969
3919	8185
5969	8127
5969	1686
5969	4633
5969	3389
5969	8533
5969	6043
5969	8125
5969	4032
5969	9679
5969	8170
5969	8185
8314	8174
8023	6043
8023	8127
8023	8185
3389	1686
3389	4633
3389	6043
3389	8125
3389	4032
3389	8127
3389	8185
3953	4032
1908	8185
1908	8125
9679	3981
9679	6043
9679	8125
9679	4032
9679	8185
4633	8533
4633	1686
4633	6043
4633	4001
4633	8125
4633	8127
4633	4032
4633	8185
1686	6043
1686	8125
1686	8127
1686	4032
1686	8170
1686	8185
6022	6067
6124	8185
4759	8127
3981	8185
3981	8127
6043	8127
6043	8125
6043	4032
6043	8185
1960	7032
1960	8185
1972	8185
8125	8533
8125	8127
8125	4032
8125	8185
8127	8533
8127	4032
8127	6081
8127	8185
4032	8533
4032	8185
6081	8533
6081	8185
8250	8172
8161	8185
2019	8185
8170	8185
8174	8185
8185	8533
