0	2522
0	6092
0	3843
0	828
0	1831
0	2600
0	4124
0	8747
0	4300
0	3757
0	15
0	7864
0	3651
0	7011
0	5460
0	21
0	1080
0	1160
0	7772
0	8619
0	3103
1	2560
1	5
1	6
1	7
1	8
1	9
1	10
1	11
1	12
1	14
1	1039
1	17
1	533
1	3606
1	6167
1	24
1	5663
1	1057
1	551
1	4615
1	8236
1	5679
1	5640
1	51
1	6711
1	5695
1	1089
1	7755
1	8780
1	3662
1	7250
1	86
1	2648
1	89
1	93
1	96
1	1124
1	619
1	2159
1	3185
1	117
1	3190
1	2686
1	5763
1	1668
1	134
1	1671
1	4119
1	2705
1	2706
1	9923
1	661
1	2200
1	3234
1	7332
1	7334
1	168
1	9074
1	5296
1	691
1	7113
1	2233
1	9403
1	1653
1	7360
1	707
1	202
1	2252
1	8401
1	218
1	5852
1	3808
1	2791
1	1559
1	4988
1	807
1	5360
1	241
1	1268
1	397
1	4862
1	2305
1	259
1	772
1	262
1	3341
1	8465
1	5850
1	288
1	1831
1	1325
1	7985
1	6964
1	2871
1	7992
1	4922
1	2364
1	323
1	1350
1	3915
1	6991
1	1364
1	341
1	9056
1	1378
1	359
1	362
1	1682
1	2926
1	370
1	2421
1	374
1	6521
1	4476
1	8065
1	389
1	1926
1	1445
1	695
1	9614
1	400
1	914
1	9622
1	7074
1	1956
1	5029
1	7079
1	7097
1	9661
1	3519
1	100
1	2635
1	5061
1	5065
1	5068
1	7631
1	1494
1	472
1	5087
1	2026
1	1520
1	2039
1	1022
2	2531
2	3945
2	15
2	8624
2	6447
2	1778
2	2260
2	21
2	726
2	7288
2	539
3	228
3	5029
3	6502
3	2792
3	6450
3	7596
3	6669
3	15
3	114
3	4276
3	8376
3	155
3	93
3	6541
4	7808
4	6754
4	1301
4	6917
4	9687
4	113
4	2249
4	363
4	6349
4	5486
4	4113
4	2260
4	4117
4	3273
4	6714
4	5437
4	229
5	3843
5	7428
5	5637
5	9351
5	3979
5	1421
5	5008
5	1301
5	5016
5	155
5	4124
5	2464
5	9898
5	428
5	46
5	6324
5	2613
5	1207
5	564
5	3002
5	5557
5	6465
5	1222
5	7112
5	76
5	978
5	2522
5	6747
5	4700
5	356
5	2791
5	8174
5	5102
6	5251
6	9956
6	2502
6	614
6	617
6	8619
6	1229
6	751
6	8414
6	1795
6	2613
6	8150
6	663
6	8249
6	7962
6	700
6	3102
7	1107
7	1039
7	6447
7	15
8	5531
8	6276
8	389
8	1830
8	3002
8	2024
8	1466
8	363
8	8748
8	46
8	3197
8	114
8	6611
8	2318
8	3353
8	8730
8	251
8	93
8	863
9	3003
9	5894
9	2087
9	457
9	395
9	385
9	3249
9	315
9	7036
9	1053
9	2878
10	7552
10	6018
10	7176
10	3102
10	6955
10	4912
10	4406
10	7613
10	5312
10	2117
10	1350
10	2249
10	78
10	600
10	857
10	94
10	8800
10	3693
10	7150
10	7101
10	2033
10	382
11	6528
11	4406
11	4101
11	327
11	279
11	76
11	7501
11	558
11	3549
11	3056
11	114
11	4085
11	6838
11	1207
11	1945
11	1119
11	5270
11	7325
11	382
11	69
12	934
12	6305
12	1683
12	9589
12	8663
12	1150
8205	3500
8205	6204
8205	4445
8205	965
14	4931
14	69
14	518
14	1160
14	1356
14	1450
14	5836
14	8575
14	15
14	7440
14	5619
14	2643
14	4627
14	596
14	182
14	7119
14	1083
14	2941
14	3103
15	257
15	1669
15	518
15	4373
15	1055
15	1414
15	3953
15	43
15	3636
15	2998
15	1980
15	9413
15	2118
15	1230
15	1490
15	9934
15	6748
15	6879
15	482
15	1542
15	241
15	9974
15	511
8208	945
8208	4346
8208	227
8208	1124
8208	3271
17	4526
17	6991
17	21
17	119
17	828
18	1762
18	69
19	4038
19	614
19	2014
19	6444
19	46
19	21
19	1206
19	1848
19	93
19	894
20	2594
20	8003
20	324
20	5637
20	4113
20	457
20	4621
20	5681
20	370
20	884
20	21
20	3895
20	94
21	9731
21	8718
21	3089
21	1043
21	9751
21	9243
21	3614
21	35
21	1201
21	1064
21	9258
21	8747
21	7724
21	2093
21	47
21	51
21	53
21	566
21	6199
21	7740
21	6210
21	5703
21	4150
21	592
21	81
21	594
21	85
21	5722
21	1119
21	2658
21	4454
21	614
21	2664
21	105
21	1639
21	1649
21	117
21	1143
21	2169
21	122
21	126
21	1154
21	1157
21	3718
21	7303
21	2185
21	1683
21	1172
21	149
21	9881
21	3232
21	27
21	165
21	167
21	3753
21	8362
21	5297
21	1714
21	2334
21	2746
21	1723
21	6844
21	9918
21	194
21	1221
21	1226
21	3787
21	9420
21	6059
21	205
21	6179
21	726
21	1239
21	207
21	222
21	223
21	2939
21	7408
21	242
21	756
21	6905
21	2090
21	766
21	2305
21	43
21	7212
21	5898
21	9943
21	277
21	2838
21	6425
21	4655
21	8478
21	292
21	1324
21	2351
21	307
21	7997
21	1343
21	2883
21	54
21	1350
21	4425
21	7751
21	1868
21	7504
21	853
21	1894
21	3945
21	1402
21	319
21	1516
21	1421
21	399
21	1945
21	6565
21	2987
21	428
21	2989
21	2478
21	3509
21	3004
21	1356
21	675
21	7130
21	1504
21	482
21	9708
21	6639
21	5628
21	2901
22	2056
22	5296
22	2732
22	5534
22	5073
23	4099
23	94
23	3399
24	9112
24	6092
24	3608
24	9351
25	2832
25	7493
25	555
25	557
25	4208
25	2427
25	4062
26	4560
26	46
26	272
26	113
26	2078
26	7711
27	370
27	427
27	1255
27	649
27	8791
27	1613
27	2706
27	5751
27	5018
27	988
27	2431
28	3353
28	7539
29	2723
29	324
29	934
29	6824
29	5321
29	1229
29	751
29	978
30	235
30	78
31	227
31	2653
31	46
31	4085
32	8448
32	2401
32	4098
32	2852
32	457
32	8170
32	76
32	123
32	6748
8225	69
34	7137
34	526
34	1869
34	814
35	251
35	2375
35	2989
35	3555
35	227
35	123
35	2013
36	4962
36	7091
36	6438
36	751
37	482
37	6639
38	3329
38	356
38	822
39	4276
39	1053
39	2421
40	8674
40	1766
40	7398
40	2024
40	1642
40	1107
40	1398
40	5751
40	3802
40	382
41	323
41	4790
41	2694
41	8247
42	6754
42	1668
42	229
42	76
42	4688
42	853
42	2300
42	5214
42	3029
43	1571
43	8140
43	6924
43	2732
43	8123
43	155
8236	402
8236	2531
8236	6900
46	6276
46	390
46	2792
46	3089
46	914
46	1685
46	6043
46	8606
46	733
46	7091
46	6453
46	8247
46	7737
46	315
46	5822
46	1858
46	4550
46	6474
46	2013
46	228
46	4837
46	3814
46	4456
46	8938
46	235
46	112
46	8177
46	382
46	1530
46	1022
47	2644
47	3203
47	395
47	1134
48	1392
48	8123
50	3040
50	1918
51	1570
51	228
51	1766
51	2305
51	649
51	2078
51	726
51	2169
51	94
53	4251
53	182
53	69
53	2181
54	4234
54	7621
54	6901
54	5919
8247	6596
8247	7084
8247	9742
8247	8987
8247	6493
8249	9248
8249	2722
8249	78
8249	272
8249	4113
58	2501
58	78
58	4144
58	306
58	9556
58	3353
59	6290
59	4692
59	1222
59	1566
8253	857
8253	2071
8253	2156
8253	93
8253	7821
62	6907
62	5572
62	663
62	114
62	466
62	471
62	4507
62	8957
8255	3232
8255	145
8255	1773
65	7145
65	119
66	6770
66	155
66	5852
67	6474
67	581
67	279
69	6275
69	7556
69	2311
69	396
69	4113
69	7065
69	2206
69	1320
69	427
69	9011
69	564
69	3895
69	1344
69	8062
69	2248
69	8273
69	7509
69	894
69	6014
69	7934
70	1653
70	2653
8263	648
8263	2617
8263	114
8263	947
8263	389
73	356
73	649
73	78
73	1167
73	2450
73	821
73	5911
73	8718
74	939
74	2117
74	1230
74	503
75	3213
75	3718
76	2316
76	6159
76	2450
76	3093
76	6678
76	2839
76	6394
76	154
76	1957
76	6438
76	3757
76	9646
76	7773
76	3635
76	182
76	55
76	1343
76	192
76	3522
76	7493
76	3786
76	8140
76	3149
76	93
76	635
76	8045
76	6639
76	8698
76	1531
77	721
77	114
77	7724
77	1477
77	3823
78	3156
78	5762
78	708
78	6696
78	617
78	2859
78	5453
78	1134
78	4560
78	3260
78	5454
78	5045
78	7991
78	347
78	156
13	1344
13	7777
13	323
13	1124
13	3911
13	5513
13	347
13	306
13	2464
13	3572
13	1786
13	9403
8273	1344
8273	7516
8273	4235
8273	4876
82	5665
82	5251
82	7137
82	8394
82	555
82	7760
82	2078
82	6111
8275	4688
8275	1039
8275	1444
8275	3150
8275	4735
84	3056
84	227
84	327
84	2697
84	7440
84	617
84	7325
85	617
85	306
85	5534
85	2895
86	5351
87	9257
87	4566
88	385
88	363
88	9645
88	1750
88	5793
89	1642
89	723
91	385
91	1766
91	6474
91	119
91	2522
91	2906
92	228
93	227
93	6282
93	235
93	2260
93	1237
93	154
93	700
94	7296
94	2567
94	5519
94	1810
94	8470
94	6324
94	8502
94	57
94	3399
94	457
94	7119
94	8026
94	228
94	4709
94	6761
94	3950
94	370
94	120
94	251
95	2026
96	4840
96	8905
16	5217
16	9154
16	539
16	1285
16	4454
16	4769
16	5340
16	1132
16	9709
16	9646
16	7664
16	1715
16	471
16	1016
16	154
16	123
16	156
98	9248
98	9608
98	6714
98	315
98	8561
99	5330
99	6428
99	4061
100	5029
100	5665
100	6541
100	8975
100	113
100	1343
101	5437
8294	323
8294	614
8294	1968
8294	7539
8294	9469
8294	5822
8295	4686
8295	155
8295	7596
8295	3726
8295	6611
104	7808
104	1762
104	2600
104	1683
104	596
104	119
104	1016
104	4442
104	5212
104	734
105	1504
105	2468
105	1229
107	2604
107	428
108	8527
108	4454
108	279
109	2648
109	113
110	5626
110	8791
111	2965
112	6725
112	2666
112	431
112	3868
112	1021
113	8975
113	9374
113	6305
113	162
113	3747
113	564
113	57
113	1600
113	6725
113	9927
113	6730
113	2767
113	3897
113	600
113	2531
113	229
113	494
113	3197
113	1398
113	5885
114	5632
114	2070
114	647
114	4845
114	6801
114	8470
114	9496
114	7962
114	5039
114	156
114	2750
114	6432
114	1831
114	9258
114	3399
114	6237
114	9008
114	9910
114	3003
114	2878
114	7871
114	4035
114	466
114	3549
114	7648
114	8123
114	2024
114	9321
114	362
114	2157
114	1520
114	2675
114	119
114	2684
8307	2024
8307	400
8307	5822
8307	5415
116	5594
116	1636
116	5885
117	2600
117	6154
119	770
119	315
119	8705
119	503
119	9742
119	1715
119	1655
119	182
119	251
119	3769
119	154
119	347
120	389
120	2249
120	382
120	1080
120	409
120	2427
8313	1017
8313	9523
8313	6921
8313	6014
8313	7207
122	6521
122	9203
122	884
122	2033
123	1795
123	2056
123	2954
123	2450
123	8340
123	7448
123	5665
123	2723
123	4134
123	9256
123	4208
123	7723
123	8748
123	945
123	55
123	3013
123	3911
123	2644
123	471
123	8538
123	363
123	1392
123	2934
123	2169
123	2041
123	4731
124	8716
124	1669
126	985
126	2878
127	356
8320	945
8320	2883
8320	7883
8320	2078
129	700
129	822
130	2033
130	5349
131	4144
131	2379
131	2117
132	640
132	1570
132	649
132	395
132	814
132	5917
132	272
132	1398
132	7209
132	985
132	7130
132	4797
132	5598
133	2413
133	3911
134	4401
135	1450
135	4819
135	5092
135	4383
136	1124
136	3203
136	596
137	1112
137	3137
137	726
137	5911
138	272
138	2056
138	1570
138	3197
138	5218
140	2604
140	1239
141	9274
8335	6018
8335	8758
8335	7079
8335	8397
8335	8118
8335	7160
144	945
144	4550
145	7968
145	914
145	431
147	3786
147	3310
147	2734
8340	2520
8340	240
8340	3698
8340	265
149	5864
149	6177
150	347
150	5902
151	1022
151	526
153	272
153	8034
153	1411
153	9239
154	1411
154	581
154	2375
154	6088
154	1132
154	558
154	978
154	7811
154	9112
155	6528
155	3110
155	684
155	395
155	5420
155	7183
155	466
155	821
155	71
155	9116
155	5599
156	5572
156	5894
156	1520
156	2771
156	214
158	1122
158	3635
158	3004
160	3502
160	7055
161	3225
161	8045
161	1998
161	2901
162	1392
162	3373
162	6541
163	5852
163	8174
163	734
164	6195
8358	1017
8358	2364
8358	6181
8358	526
167	5519
168	3003
168	2756
172	6656
172	3110
172	5194
172	555
172	6901
172	1653
172	503
172	471
174	7985
174	3003
174	6198
174	5217
176	1112
176	1842
177	7548
178	6448
178	2888
178	860
179	7209
179	227
179	1021
180	6394
180	235
180	2260
182	2589
183	2070
8376	3672
8376	3872
8376	9642
8376	1301
185	4113
186	1134
187	3102
187	1612
187	4269
187	1150
187	409
187	2558
188	4290
189	3636
189	1182
189	327
190	945
190	362
190	370
190	4789
190	1773
192	2664
192	1706
192	7907
192	1466
194	2169
194	4442
194	427
195	4921
195	2701
197	1843
197	6195
197	1301
198	4388
198	828
198	4061
198	1918
199	3271
200	6052
200	9194
200	4692
200	814
200	8470
8394	3755
8394	1842
8394	2491
203	822
204	482
204	7079
205	7169
205	6502
207	6177
207	939
207	1422
207	2558
207	526
207	1566
208	8938
210	857
210	5652
210	9805
210	5534
212	7449
212	1167
8405	4401
8405	362
8405	1044
8405	57
8406	7556
8406	6095
8406	9551
8406	372
8406	8791
8406	315
8406	5917
8406	8991
8407	934
216	2594
219	9589
220	5937
8414	7504
8414	4313
8414	8619
8414	5550
224	555
225	1856
225	6153
225	4085
226	2988
226	428
226	581
227	1536
227	2178
227	8908
227	267
227	524
227	1553
227	2965
227	4375
227	6040
227	8474
227	4975
227	2714
227	290
227	6950
227	1450
227	5419
227	300
227	945
227	309
227	822
227	7479
227	6584
227	3131
227	9286
227	5321
227	9164
227	350
227	3555
227	8548
227	5481
227	7407
227	7415
227	1657
227	810
227	1150
228	8675
228	5572
228	3516
228	526
228	2035
228	890
228	9851
228	860
228	5949
229	1842
229	5185
232	5539
232	5598
232	7871
234	3329
235	2263
235	5626
235	63
236	5073
237	4770
239	306
240	6048
240	7948
240	362
242	726
243	4832
243	4840
243	2078
244	860
244	814
245	649
246	3769
246	1810
246	4117
248	8962
248	1090
248	4871
248	6824
248	4930
248	558
248	431
248	466
248	6388
248	1083
249	1112
249	9550
249	9910
251	473
251	6019
251	4388
251	585
251	4030
251	2665
251	4234
251	3757
251	1939
251	7320
251	734
251	4440
251	9956
251	8635
251	6428
253	1107
253	9709
254	1945
254	1868
255	2771
255	1255
8448	1778
8448	4851
8448	8269
257	8181
257	4228
257	7142
257	2726
259	9248
259	4099
259	2989
259	4783
259	663
260	4790
261	3395
261	1830
262	3271
8457	409
8457	3722
8457	539
8457	4294
8457	2374
266	2706
266	6276
267	5714
267	2342
268	9112
268	3373
269	4440
269	427
269	8174
270	721
8463	4184
272	640
272	3975
272	265
272	1422
272	6553
272	2720
272	5027
272	6484
272	7982
272	700
272	4931
272	1604
272	4052
272	471
272	5598
272	737
272	3056
272	2807
272	2041
272	1021
274	7137
275	1344
275	1604
275	5102
276	4515
277	3249
277	7653
277	279
8470	363
8470	1156
279	4228
279	4389
279	9065
279	751
279	3793
279	3225
279	4956
280	7359
283	8730
284	3131
284	2732
284	7550
284	8158
8477	2288
8477	411
8477	2260
8477	293
8477	751
8478	6656
8478	1676
8478	6469
290	9728
290	721
290	2013
290	4030
292	2694
293	324
293	564
293	1894
294	9383
295	7112
295	1344
296	431
298	7407
299	5018
299	2594
299	4893
300	9164
300	4797
301	327
301	581
301	4390
301	2375
302	1642
302	7907
304	3329
304	323
304	6924
304	4931
304	1786
304	4125
305	2684
305	2260
306	5793
306	8514
306	2757
306	6727
306	2792
306	265
306	9418
306	6924
306	1800
306	6901
306	4313
306	2906
306	2430
308	1858
308	2379
308	2684
311	1894
312	4921
312	853
313	6553
314	3137
314	9243
314	6119
314	1206
314	2705
315	6336
315	640
315	7810
315	6454
315	3750
315	6503
315	2472
315	9551
315	8022
315	8120
315	3533
315	9855
315	7548
315	1343
317	6874
317	2087
321	9258
8514	5035
8514	1444
8514	6018
8514	4010
323	1124
323	4080
323	5377
323	5513
323	3154
323	5363
323	7550
324	3586
324	2691
324	7428
324	1800
324	3220
324	9274
324	3139
324	7621
324	3915
324	1868
324	1613
324	2644
324	9688
324	5340
324	617
324	1132
324	6001
324	506
324	1918
325	6198
327	3808
327	9380
327	4838
327	7125
327	1750
327	6808
327	2809
327	7962
327	6078
327	2229
328	5212
329	3040
329	1668
330	2859
330	2653
55	7145
55	4939
55	1998
332	4709
333	503
334	1531
8527	6952
8527	5330
8527	4732
337	1350
337	6446
338	427
339	3793
339	4796
339	884
340	9855
9614	1900
9614	429
9614	3110
9614	5860
342	2883
342	5347
57	9987
57	1325
57	1134
57	1795
57	3829
57	3843
344	4250
345	363
347	4325
347	341
347	5064
347	1417
347	2410
347	3212
347	7717
347	2484
347	7861
347	8761
347	8591
347	8990
347	3103
350	7065
350	3310
351	737
354	7176
354	5217
354	4840
355	5268
356	2177
356	389
356	2356
356	6102
356	3608
356	61
357	2421
358	4093
359	2318
361	2852
361	5087
362	3234
362	2821
362	1057
362	2024
362	2249
362	743
362	3610
362	1039
362	2608
362	7320
362	1466
362	415
362	8058
362	7125
363	4507
363	741
363	457
363	3310
363	5681
363	5982
365	9910
366	4325
366	9838
61	9392
61	8575
61	4093
61	7415
368	9379
368	2988
8561	5992
8561	1024
8561	6714
8561	7043
370	4078
370	2706
370	1750
371	2941
372	1022
372	5762
372	5869
373	557
375	3040
376	5937
376	2821
378	2723
378	2531
378	5599
63	6611
8572	7424
8572	1340
8572	6725
381	5771
382	2754
382	4713
382	1421
382	7150
382	5581
382	8664
382	1230
382	6233
8575	5376
8575	2203
8575	1229
384	1083
384	3502
385	1793
385	6991
385	3718
385	6502
385	3015
385	2689
385	557
385	2863
385	7325
385	2034
385	1107
385	2230
385	7479
385	857
385	4731
385	2300
385	1053
385	2431
386	3522
386	9371
386	428
386	4445
386	1150
388	1570
388	1126
388	8975
389	3204
389	2177
389	3083
389	1868
389	3373
389	5102
389	3248
389	8181
389	8088
389	409
390	7717
391	2941
392	9943
393	596
393	7919
394	6611
395	3040
395	821
395	1083
396	3449
398	6444
399	9232
400	2809
401	9688
401	7795
403	539
405	7136
405	2666
406	7434
408	4010
408	1053
408	6438
409	5187
409	7396
409	3814
409	5831
409	1800
409	6119
409	1356
409	1136
409	872
409	4099
409	7318
409	2558
411	863
411	4383
8604	4930
8604	939
8604	4987
8604	991
413	8698
415	8170
416	1090
416	2756
416	7207
417	6991
418	5919
420	988
421	6713
421	5102
423	4401
426	7539
71	2501
71	9805
71	9392
71	2746
71	4732
428	865
428	482
428	614
428	2375
428	7434
428	3522
428	2318
428	2543
428	8816
428	3310
428	2233
428	1706
431	1090
431	9418
431	5165
431	7678
431	1210
431	5822
8624	2520
8624	3555
8624	1006
8624	3015
434	564
435	1504
435	5349
435	3110
436	2014
436	4851
436	1285
436	2198
436	2181
438	4101
439	7408
440	1795
441	2859
444	3947
445	5723
447	3851
447	7806
448	6052
448	1132
448	1613
8641	7504
8641	97
8641	3002
8641	4732
8641	557
450	6283
451	8088
451	6474
451	9556
452	7160
453	3449
453	2981
455	3947
457	9505
457	4709
457	7398
457	4461
457	1701
458	4798
459	6484
460	1689
460	2484
462	2981
462	4837
464	9146
465	1762
466	5312
466	5665
466	1766
466	4871
466	1672
466	1692
466	8971
466	5330
466	558
466	1325
466	7441
466	4617
466	9116
467	8319
8270	4276
8663	6673
8663	4834
472	5296
472	7220
472	6181
474	3456
474	6137
79	3449
79	7746
477	6040
477	1795
477	853
477	1918
478	3802
478	4812
478	1255
481	9274
482	2464
482	8769
482	4258
482	4692
482	7737
8675	3692
8675	4962
8675	2355
8675	3614
484	978
484	939
485	9680
486	2989
486	7125
81	6425
81	7777
488	1536
493	6275
494	3635
494	4113
1448	4448
498	1692
83	4144
83	7025
500	5937
501	3002
502	2035
502	1773
503	6982
503	6054
503	8937
503	2858
503	4715
503	978
503	2832
503	5458
503	813
8696	9256
8696	3843
8696	3220
8696	4902
8696	707
505	723
505	1685
8698	7913
8698	539
8698	1766
8700	6528
8700	1344
8700	3139
8700	6601
8700	2767
8700	9203
9642	5800
9642	5147
9642	1766
9642	2304
510	6448
510	1021
512	7032
512	3131
514	7151
515	2222
516	2472
516	3698
518	9258
518	4783
518	3636
518	2648
518	2452
1381	2608
520	1778
520	4515
520	4445
521	4837
522	2608
522	5012
8716	8515
8716	835
8716	2732
525	4306
525	1613
526	1633
526	6754
526	6819
526	4070
526	5997
526	4523
526	557
526	1773
526	5138
526	5357
526	1112
526	4388
526	4250
526	8158
527	3456
528	6108
528	5351
529	6448
534	2427
534	9742
536	9640
537	1715
537	5822
8730	6154
8730	596
539	6465
539	5349
539	1830
539	1319
539	4586
539	2859
539	3308
539	2743
539	4339
539	5399
539	8059
539	508
539	5438
541	8123
542	1411
547	5665
548	4070
549	7352
551	1450
551	3015
551	7325
551	1325
553	5997
554	3225
555	5187
555	1255
555	2984
555	2859
555	3979
555	2610
555	2791
555	4912
555	3158
555	475
555	7772
8748	945
8748	818
557	2726
558	1090
558	5029
558	6502
558	7727
558	2033
558	2643
558	4981
558	5949
562	857
564	3826
564	3778
564	7556
564	6153
564	2245
564	4688
564	2484
564	596
564	7934
565	6388
8758	2600
8758	2098
8758	1051
567	1207
8760	2056
8760	412
8760	645
8760	3102
8761	1344
8761	6432
8761	5929
571	1800
571	9065
571	9132
571	7621
571	1685
572	7065
572	4062
575	1512
580	3502
581	2020
581	3371
581	7811
581	5531
582	1669
97	5771
97	2222
584	2888
584	9927
585	1119
585	5679
586	2665
586	9383
8779	1233
8779	596
8779	2878
8779	3895
8290	6276
8782	1945
593	2520
593	3586
593	853
593	894
595	6140
595	1229
595	1230
596	7145
596	3757
596	8021
596	5723
596	2431
598	894
8791	7556
8791	4539
600	7968
600	4800
600	5634
600	5539
600	4070
600	5553
600	1042
600	6388
600	5529
601	3103
603	828
8796	9956
8796	4965
8796	5247
8796	1019
8796	4125
8796	799
8800	5440
8800	6219
8800	3508
8800	7501
609	614
610	3808
8803	857
8803	1810
8803	5900
8803	5437
8803	3222
102	8980
102	4290
102	5212
614	6506
614	4774
614	9680
614	7032
614	6078
2833	6858
616	5574
617	5637
617	934
617	2056
617	2412
617	4655
617	7528
617	8147
617	4251
617	1180
617	7973
619	1612
619	7703
620	3575
622	2464
622	2705
8815	1992
8815	6137
8815	2410
8815	835
8815	7252
8816	2960
8816	3089
8816	2309
8817	2850
8817	828
8817	5773
8817	5671
626	2818
628	860
628	863
630	9392
630	1520
8823	1126
634	2734
638	5296
638	5706
638	4251
638	2643
8686	1344
640	5632
640	3216
640	7691
640	2757
640	1222
640	5831
640	1160
640	2665
640	8967
640	7596
640	2701
640	751
640	3148
640	2421
640	9014
640	5129
640	4313
640	8031
643	3083
644	7320
649	2401
649	1090
649	5029
649	5574
649	3653
649	5328
649	945
649	2965
649	6838
649	696
649	4798
649	1685
651	1715
655	1778
655	700
657	1477
657	6454
657	863
658	5572
660	7398
662	1571
662	2756
662	734
663	4356
663	9413
663	3435
663	1998
663	6290
663	5902
663	735
665	6754
665	1421
668	4258
8861	5145
8861	538
8861	723
8861	5212
8861	3444
670	4770
670	5340
671	3483
672	2757
674	4325
675	2041
676	5438
681	2987
681	4715
681	2863
8206	1398
683	6040
683	2984
8878	7864
690	3216
690	9190
115	3395
115	7934
692	2937
692	2035
692	2087
693	4314
693	4851
693	2821
693	3911
694	2791
698	9192
699	6901
700	3584
700	5376
700	7107
700	1513
700	7440
700	7037
700	9187
700	784
700	1422
700	3575
700	894
700	2847
701	5619
701	2468
705	7745
706	3969
706	1762
706	1239
708	6283
709	1536
709	7512
709	3814
710	2852
711	2845
712	6154
8905	8904
8905	5172
8905	1126
717	3635
718	1207
721	2665
721	4939
721	7282
721	821
721	2070
721	1463
721	3483
721	4093
721	5247
722	1689
722	5073
723	1856
723	608
723	1411
723	1897
723	5194
723	1197
723	1422
723	1167
723	5460
723	8021
723	6838
723	7415
723	5145
723	4796
8917	6528
726	6824
726	4300
726	1998
726	6715
726	4093
121	3539
121	6493
729	5869
1487	1848
732	5971
732	2061
732	2771
733	5937
733	6639
734	4228
734	1392
734	753
734	7700
734	3197
737	6401
737	7528
737	7055
737	1624
737	4503
737	1080
737	1531
737	988
738	9728
8932	6233
742	2937
742	5453
8938	4507
8938	4830
8938	6147
747	3137
747	5330
747	7378
747	2198
751	1282
751	5288
751	9898
751	1869
751	1167
8944	9687
755	9907
756	6528
756	5971
757	427
759	1392
760	7097
761	2054
8319	847
8319	1239
8319	1586
8319	1119
764	5530
8957	3490
8957	4715
8957	3484
767	1016
767	7160
768	2934
769	1255
771	3449
771	7596
8967	5288
776	1918
8971	2401
8971	691
8971	1421
780	7987
781	3549
782	1398
8975	1570
784	2648
784	4401
784	2410
785	7509
786	427
8980	1768
8980	3273
8980	1122
8980	5681
789	1520
794	5212
794	2845
8987	3814
796	8058
8990	1376
8990	2410
8990	5674
801	1504
802	7136
802	3747
8995	9943
807	6484
807	5652
807	7079
808	2706
808	7596
808	1206
809	2157
809	1239
810	3829
813	2421
814	6634
814	3313
814	1778
814	6483
814	860
9008	2564
9008	939
9008	4812
9008	6802
9011	3089
820	1856
820	2033
821	2723
821	2732
821	1571
821	5012
821	952
822	166
822	2858
822	5557
822	6014
824	2664
828	1122
828	5864
828	1484
828	3373
828	6675
828	1843
829	5570
829	1754
829	9934
834	2883
834	7509
838	3110
840	2653
841	1897
843	985
844	4228
845	1848
847	7325
849	1083
9044	2484
853	4835
853	7717
853	1160
853	7561
853	5483
853	9179
853	2101
854	1706
9047	9192
9048	2600
9048	7096
9048	2582
9048	1246
857	4290
857	2666
857	3293
858	2832
860	3555
860	3391
860	4731
860	8031
9053	8397
863	4962
863	4099
863	2828
863	2934
865	5018
866	7505
866	3557
871	934
9065	3353
9065	9002
9065	3549
876	5949
877	4783
880	1512
884	5251
884	6920
884	7948
884	2701
884	2719
884	8096
884	1830
884	5937
884	8375
884	3260
884	8003
884	6747
884	2013
884	2014
884	4835
884	103
884	9968
884	3572
884	9593
884	9851
885	5594
885	5165
148	4560
148	9084
148	1222
148	5894
148	2543
891	5356
891	2222
891	7079
9084	3308
9084	957
9084	8446
9084	1081
893	3555
893	7539
894	7552
894	6275
894	1604
894	6126
894	3575
9087	1450
896	9239
898	1207
902	1411
902	2342
9708	1930
9708	3483
9708	2300
9708	1255
910	1477
911	1531
914	1856
914	3010
914	4996
914	1718
914	6204
914	2635
914	8242
914	1039
914	1586
914	3315
914	1206
914	4026
914	988
916	3139
919	1848
9112	4808
9112	9869
922	5847
923	9532
923	2543
9116	1392
927	2987
927	2604
934	1067
934	1062
934	3271
934	2056
934	5328
934	7378
934	5879
9127	7036
937	5992
938	4921
938	9543
939	1636
939	4912
939	3195
939	4061
939	2014
9132	948
9132	2937
9132	3308
941	1842
942	2888
942	4835
945	6593
945	4098
945	8035
945	7252
945	2934
945	4125
945	5599
950	2648
952	5012
953	6204
9146	1160
9146	5194
9146	4292
9146	3561
955	1466
957	988
9154	7493
9154	3270
9154	1869
963	8177
963	4507
9159	2412
968	1786
968	7653
970	4835
970	1126
9164	3628
9164	2326
9164	1646
973	7080
2893	4159
976	3773
977	4098
977	2858
978	1504
978	2608
978	5035
978	4144
978	3539
978	9749
983	985
984	1119
985	1254
985	1450
985	9556
985	1531
985	1692
986	2520
988	2464
988	2472
988	1512
988	7476
991	1810
9184	9898
9184	6014
9190	2305
9190	5917
9190	5534
9192	1049
9192	6276
9192	5169
9194	4834
9194	6410
9194	4526
1003	1016
1004	3979
9199	1344
1008	2845
9203	3699
9203	3508
9203	1421
1012	1039
1016	1762
1016	7722
1016	5453
1016	3697
1016	341
1016	5437
1016	4383
1019	6315
170	5210
1022	5321
1022	3276
1022	3635
1022	4061
9216	7361
9216	4610
9216	3203
9216	2988
9216	3686
9728	4250
9728	2451
9728	8633
1027	8058
1028	2934
9223	1090
1032	5513
1038	5460
1038	2965
1039	6656
1039	5218
1039	9379
1039	2472
1039	1068
1039	9994
1039	6430
9232	6986
9232	5499
9232	8014
1046	4732
9239	7169
9239	6746
1048	3508
9243	5916
9244	9573
9244	8713
9244	6541
9244	5714
9244	341
9244	5626
1053	1285
1053	4327
1053	2863
1053	9745
9248	6190
1058	6858
1059	4101
9255	4871
1064	2604
9257	1083
9257	4414
9257	2070
9258	9910
1067	2845
1071	1222
1072	2070
1072	9415
1077	7863
1079	4388
1080	4258
1080	4290
1080	2932
1080	2722
1080	892
1080	8862
9274	5531
9274	4753
1083	1538
1083	5671
1083	1706
1083	2318
1083	7183
1083	1398
1083	8445
1083	4926
1084	7523
1086	6521
1086	5043
1090	6465
1091	6336
1092	3232
1092	3652
1093	1356
9286	3145
9286	2186
9286	6349
9311	2756
9291	3547
9291	4397
9291	2494
9291	1119
1107	3651
1107	2311
1107	5354
1107	7539
1107	6063
1107	7856
1107	9491
1107	3998
1107	7737
1107	7612
1107	2941
1107	1566
1108	2543
9301	1830
1112	9664
1112	4709
1112	1612
1112	1869
1112	2574
1112	7548
1113	1856
1116	1343
1117	5894
1119	7648
1119	3399
1122	1252
1122	1318
1122	5012
1122	2613
1122	4105
1122	4314
1122	3004
1122	5530
1124	2505
1124	2988
1124	2775
1124	9372
1126	3074
1126	6283
1126	7405
1126	2300
1128	1754
1128	5836
9321	5937
9321	4067
9321	8650
1132	2054
1132	6290
1132	2555
1133	6336
1133	7769
1134	3395
1134	1636
1134	265
1137	2722
1141	1754
1141	4099
1145	2311
1146	8022
1150	1536
1150	2697
1150	2965
1150	7958
1150	3447
1151	2558
1154	1897
9351	1225
9351	5212
9351	8301
1160	4838
1160	427
1160	4191
1162	4790
9356	2421
8386	3793
1167	2984
1169	4731
1171	4339
1171	3260
1172	3808
1176	3273
1176	9491
1176	2901
9370	3449
9370	5479
9370	1785
9370	2979
9370	2311
9371	7985
9371	1052
9371	9383
9372	3000
9372	5216
9372	2906
1181	9380
9374	3808
9374	9927
9374	3502
9374	214
9374	7864
9379	1713
9379	1571
9380	1894
1189	5539
1189	1356
9383	3445
1192	1320
1193	1229
1194	5771
1195	1810
1195	6854
1198	5486
9392	3522
9392	9805
9392	1295
1201	4812
1201	2502
1201	1301
1202	5268
1206	2705
1206	7356
1207	5376
1207	2701
1207	1669
1208	3508
1210	3614
9403	5018
9403	2276
9403	5847
202	4515
202	5599
1677	4276
1217	2883
1217	7723
1217	7493
1221	5288
1222	5961
1222	5498
9415	6904
9415	1301
9415	3557
9418	3539
9418	6535
1229	1512
1229	5513
1229	1843
1230	4070
1230	1021
8397	3713
8397	7169
8397	3436
1232	2878
1239	2722
1239	6137
1239	1213
1239	4062
1240	7415
1251	6078
9766	2013
1254	3089
1255	8101
1255	1579
1255	1930
1255	3435
1255	6430
1255	1786
1255	6364
1255	2849
1255	7390
1256	7700
1258	8153
1260	3698
1263	2233
1268	5087
1270	9940
1272	1653
1276	2169
1277	4931
1279	5982
9771	5212
214	2600
214	2608
214	2771
1296	3868
1296	2078
9491	6220
9491	1779
9491	6063
9492	6137
1301	1911
1301	1647
1301	3717
1301	1557
1301	5911
1301	7769
1302	1843
1302	2653
1302	5663
1307	6450
1307	4812
1308	3693
1310	6114
1312	1683
1324	7760
1325	5312
1325	1541
1325	1766
1325	1180
1325	3410
1325	6204
1325	2973
9523	6528
9523	2906
9523	2632
9523	2089
9528	1530
9528	4227
9528	2644
9528	2117
9532	6917
9532	1526
9532	2093
1343	4448
1343	5579
1343	4491
1343	9140
1343	1945
1344	6528
1344	6283
1344	2386
1344	3572
1344	4797
1344	7038
1345	2502
1348	4515
1349	1800
1350	4930
1350	2054
1350	6108
9543	6177
9543	7851
9543	5836
9547	6078
1356	1536
1356	6048
1356	2818
1356	5539
1356	8103
1356	1672
1356	2249
1356	4523
1356	5484
1356	1811
1356	4566
1356	4921
1356	7512
1356	4026
1356	6119
1356	5919
9550	2692
9550	4124
9550	1918
9551	5350
9551	1566
9551	3055
9555	3216
9555	4017
9555	3652
1364	3137
1365	4314
1365	9900
1367	5982
1370	2697
1373	6656
1374	7155
1376	2981
1377	6714
1379	4627
9573	1425
9573	6541
1383	2644
1384	6818
1388	5634
1392	4251
1392	3373
1392	2450
1392	7382
1392	2802
1394	5351
9589	7953
9589	7755
9589	7574
1398	1642
1398	1689
1398	7194
1398	3773
1398	6462
1399	2988
1402	2878
1404	4406
1411	5347
1411	7207
1411	1897
1411	2987
1411	7565
1411	2414
1411	4789
1411	3047
1414	9170
1415	5073
9608	4442
9608	4837
9608	5766
1417	7727
1421	2401
1421	7113
1421	588
1421	1533
1421	3508
1421	9673
1421	1630
1421	7101
1422	5285
1424	2054
9623	4026
9623	3195
9623	7349
9623	1598
1433	4228
1435	1750
1438	1858
1440	6394
1445	5458
1447	2531
9640	1800
9640	7621
9640	7712
1450	3586
1450	2087
1450	7861
9643	427
9645	2089
9645	7434
9645	5652
9645	6262
9646	2901
1455	4159
1466	4448
1466	4098
1466	1477
1466	2792
1466	7209
1466	7243
1466	1871
1466	7155
1466	7421
1466	8190
9661	5525
9661	7325
9661	2198
9661	4709
1470	8189
8437	3353
1475	2468
1476	3802
1476	5671
1477	4406
1477	2697
1477	1653
1477	6454
1480	2431
9673	5782
9673	3502
9673	6645
9674	7723
1483	7479
1486	3730
9805	1520
9805	3522
9680	5963
9680	2757
9687	2249
9687	1757
9687	6405
9688	4306
9688	8127
1498	4383
8506	8747
1500	2041
1502	3490
1504	2912
1504	2468
1504	6022
1504	6337
1504	2888
1504	4426
1504	6824
1504	7773
1505	3572
1509	2767
1512	8001
1515	4300
1516	3110
9709	6955
9709	5214
9709	8147
1518	5321
1518	5997
1520	4064
1520	4834
1520	3868
1520	3102
1520	3551
1522	3447
1524	7440
1524	5762
1531	6438
1531	5456
1531	1692
1536	2914
1536	4356
1536	2379
1536	3823
1536	7512
256	8174
9733	7948
9733	1612
9733	5917
1543	4797
1543	4798
1547	7448
9740	427
1549	2305
9742	2216
9742	7151
1556	3399
9749	2643
9749	9836
1560	8120
1560	5247
1561	2520
1564	3447
1566	7137
1566	3074
1566	2852
1566	7874
1566	2487
1566	2746
1566	6874
1567	2468
1570	5902
1570	5145
1570	7194
1570	4554
1571	3074
1571	9838
1571	3029
1571	5847
1571	5045
1571	7772
1574	5043
1580	3004
1580	7821
1583	1668
1583	1669
9781	6854
265	3234
265	3483
1593	1706
1596	1689
1598	2177
1599	427
1600	7032
1604	6052
1604	4688
1604	4819
1604	7359
1608	4356
1608	1830
1609	2732
1612	611
1612	6438
1612	4647
1612	7548
1612	4269
1612	3445
1612	2175
1612	6428
1612	4117
1613	1930
1613	5018
1613	2431
9810	3397
9810	9831
9810	5992
9810	4808
9810	2871
9810	6233
1620	3786
1620	5586
1624	4222
1629	3814
1632	5458
1633	2746
1636	6506
1636	1557
1636	3195
1639	2342
1642	3040
1642	5633
1642	7330
1642	2697
1642	5165
1642	4973
1642	7408
1642	5681
1642	4085
1642	2198
1642	3802
1642	2746
1644	7684
9838	4064
1648	5214
1652	5822
1653	8034
1653	4445
1654	5210
1658	6901
1658	2767
9851	6219
9851	1766
9855	1848
9855	6632
9855	8174
1665	4819
1665	6140
1667	6324
1668	7987
1668	3002
1669	5831
1669	5270
1669	6877
1676	5043
9869	7505
9869	6901
9869	4142
9869	2825
1682	2117
1683	8064
1683	7684
1683	5869
1683	4436
1683	7578
1683	2843
1683	6140
1683	6493
1683	4030
1685	7136
1685	4425
1689	2756
1689	2981
1689	2694
1689	7115
1689	6493
1689	7550
1690	1848
1692	6447
282	3778
282	3220
1698	6140
1699	7408
1700	8022
1702	5145
9895	4655
9897	5016
9897	819
9897	2756
9897	2302
9898	5296
1707	7596
9900	608
9900	7505
9900	8147
9900	2461
1709	3549
285	2375
1715	3456
1715	7169
1715	1958
1715	8103
1715	1839
1715	7323
1715	5437
1716	7091
286	3225
9910	5400
1719	2410
1723	4010
9916	8034
1730	5045
1730	7398
1734	7967
9927	2180
9927	2767
9934	4611
9934	3387
1743	5453
9940	7112
9940	6195
9940	2157
1750	2157
1750	6510
1750	8177
1750	2328
9943	2439
9943	3895
1752	8037
1754	427
1754	2061
1754	7772
1755	3029
1760	3131
1762	4812
1762	6167
1762	5214
9956	7811
9956	7252
9956	9978
1765	3234
1765	5722
1766	2664
1769	3651
1771	5929
1773	3232
1773	5376
9968	6920
9968	3308
9968	7769
1777	6584
1777	4655
1778	3584
1778	7396
1778	2502
1778	7080
1778	3026
1778	4851
1778	9907
1778	4314
1778	5210
1778	2035
9974	5855
9974	3220
1786	3969
1786	4454
1786	4812
1786	2580
1786	1182
1789	6181
9987	7505
9987	7267
9987	2181
1796	4790
9857	7883
1800	7621
1800	4011
1800	7396
9994	4247
9994	2791
1808	2543
1810	4485
1810	4454
1810	7654
1810	2484
1828	6040
9723	5043
1830	3349
1830	2198
1830	8183
1830	2810
1830	2427
1830	6301
1831	3603
1831	746
1832	5498
8741	7501
8741	7653
1836	3260
1842	6656
1842	3778
1842	3015
1842	1869
1842	4563
1843	5634
1843	5000
1843	8718
1843	2413
1843	2222
1847	3614
1848	1861
1848	6154
1848	4523
1848	7661
1848	5869
1848	6711
1848	7769
1848	7356
1848	2014
1856	3239
1856	6153
1856	7448
1856	7421
1856	4063
1858	5328
1858	7798
1858	2684
310	3950
1863	6506
1865	4931
1868	7114
1868	3950
1868	566
1868	3231
1869	7552
1869	5929
1869	7883
1869	1971
1869	4159
1874	4741
1881	2177
1881	6715
1885	2502
1889	6275
1894	9443
1894	1431
1894	4893
1897	5194
1897	4085
8509	1285
1908	3089
1908	4159
1909	3490
1911	4700
1914	5982
1915	5632
1915	4996
1915	6111
1916	7150
1918	4498
1918	5680
1918	5619
1918	7288
1924	6336
8513	4250
1929	5681
322	3220
1934	2665
1936	4692
1944	2520
1945	3232
1945	4390
1946	2379
1946	6204
1947	6761
1954	7428
1956	3220
1960	4339
1964	5194
1966	4893
1966	6854
1969	2901
1977	5092
1977	4621
1979	7703
5521	3895
1992	6092
1992	5949
1998	6732
1998	2807
1998	9299
1998	6715
2004	8022
2008	5530
2012	2531
2013	5532
2013	4030
2014	5869
2014	4851
2016	2767
2018	3015
2024	9568
2024	4932
2024	8566
2024	5706
2024	7871
2026	7821
2027	4797
2029	4912
2031	6108
2033	3490
2033	6917
2033	7142
2033	2792
2033	2061
2033	7151
2033	2895
2033	5340
2033	8189
2035	6444
2035	5165
2035	1021
2037	7824
2038	427
2039	2061
2041	6727
2041	3056
2041	6136
2041	4895
1706	4610
1706	4411
1706	5771
1706	6450
1706	5270
1706	2233
1706	2906
341	3539
341	3220
2050	2723
2054	8291
2056	5574
2056	2410
2056	4747
2056	2412
2056	2734
2056	7155
2056	4276
2056	5663
5804	2858
2058	3002
2061	2401
2061	5971
2061	4184
2061	3103
2065	3730
2065	8140
2069	6388
2070	6819
2070	2884
2070	3271
2070	5268
2070	6425
2070	6747
2070	5917
2074	6986
346	7769
346	6955
346	5012
346	4030
2078	7760
2078	3415
2084	3056
2087	3074
2090	3693
3079	7434
9907	3232
9907	4840
9907	3851
2101	5483
2102	3273
2102	2413
2109	2643
2111	4026
2117	513
2117	8170
2117	3083
2117	2863
2117	3248
2117	2644
2117	3447
2122	2413
2125	7552
2125	2222
2132	5722
2132	5486
8548	2757
2138	2412
2140	4124
2142	5626
2157	2501
2157	2342
2157	5895
2157	7727
2157	5136
2157	5905
2157	6195
2157	3445
2157	4143
2157	3102
2160	3308
2163	6119
2169	4787
2169	6322
2174	3773
2177	427
2177	3083
2177	7991
2177	3608
2177	6111
2180	5586
2181	4770
2181	7252
2181	4789
2181	9046
2181	6233
2181	5885
2189	2684
2193	4445
1731	2989
2197	7119
2198	6177
2198	556
2198	2427
2199	7390
367	4313
2209	2311
2211	6966
2218	5847
1735	4026
2222	3502
2222	4239
2222	6770
2224	6114
2231	4125
2233	6315
2233	819
2233	7028
2233	3575
2233	7288
2236	5917
2243	3897
2243	7523
8258	3310
8566	4507
8566	7268
8566	7559
8566	1223
2246	4010
2247	9170
2249	2818
2249	6869
2249	3029
2252	2809
2260	4962
2260	4456
2260	2440
2260	3502
2260	6770
2260	3029
2260	3415
2263	3225
2264	4251
2267	2694
2276	2858
2282	8035
2287	4356
2296	2984
1748	4052
2300	483
2300	4707
2300	4012
2300	4787
2305	6059
2305	5454
2305	7378
2305	6394
2311	6444
2311	5212
2311	4573
2317	7440
2318	4325
2318	7334
2318	7434
2318	3880
2318	5210
2322	8153
2325	6018
2334	5420
2338	5347
2338	6019
2342	5637
2342	6669
2342	5714
2347	2522
2355	3945
2362	7449
2375	3462
2379	6386
2379	3773
2385	7065
2385	5714
2401	5586
2401	7866
2401	987
2402	5498
2402	4117
2410	7717
2410	7721
2410	2412
2410	4627
2410	6137
5863	8031
2412	2734
2412	6074
2413	7552
2413	2594
2413	3619
2413	1454
2413	3122
2413	6874
2414	4507
9355	4339
2421	2701
2421	5594
2421	4222
2426	2821
2427	4420
2427	6966
2427	6761
2427	7318
2427	4921
2431	7808
2431	7685
2431	5109
2442	8948
5869	6154
2448	2895
2450	7919
2450	4893
2458	8718
2461	2705
2464	5992
2464	5483
2464	5422
2464	3823
2465	2484
2466	7773
2468	6048
2468	5714
2472	6336
2472	1285
2472	7501
2476	7025
2484	5793
2484	3500
2484	5971
414	8031
2487	6858
2493	4440
2497	4258
2501	2757
2501	9157
2501	3699
2501	3508
2501	6713
2501	5919
2502	3080
2508	3395
2511	6048
2512	4566
2517	1182
2520	4769
2520	7044
2520	2657
2520	6349
2520	3698
2520	4700
2520	2558
2522	3936
2522	5570
2522	5008
2522	2643
2522	5460
2522	5591
9978	7811
2531	5802
2531	4234
2531	7091
2531	4841
2531	5885
2536	3490
2543	3747
2543	8123
2543	3452
2550	2722
2558	6173
2562	4456
2562	6748
427	8962
427	6669
427	5390
427	2722
427	6181
427	4144
427	3786
427	1782
2566	7113
2569	7183
2573	7252
1795	4769
1795	7777
1795	2680
1795	4787
1795	4186
2590	2987
432	7352
432	3730
2594	4674
2594	6986
2594	8151
2594	7997
2596	6869
2600	3137
2600	3609
2600	4038
2600	1066
2600	6955
2600	4269
2600	6324
2600	7801
2600	8948
2600	5726
2604	3203
2604	7913
2604	2613
2604	8021
2605	4526
2608	8174
2610	2791
2613	8021
2617	3549
2628	6465
2629	7359
2636	5045
2637	3260
2640	7769
2644	5251
2644	8170
2644	3572
2648	4996
2648	2895
2648	4401
2648	2937
2652	4526
2653	2984
2653	8652
2653	3575
2657	6349
2664	6503
2664	3435
2664	7724
2664	4977
2664	3539
2664	3897
2664	2906
2664	763
2665	5632
2665	3421
2665	6237
2666	4208
2666	5458
2677	6484
2681	6818
2681	6237
2684	4416
2684	9413
2687	3273
2692	3248
2694	6584
2694	7550
449	4184
2697	3851
2697	9069
2697	5458
2697	2941
2700	5557
2701	2757
2703	7037
2705	4566
2705	5553
2706	5671
2707	4306
2719	7948
2720	5419
2722	6432
2722	3950
2722	4062
2723	7428
2723	4110
2726	3080
2726	3310
2726	1179
2726	3773
2728	7296
2732	3557
2732	5352
2732	3083
2732	2863
2732	3897
2734	7155
2734	4276
2734	8058
2734	8187
2736	6204
2739	6669
2746	4834
2746	8060
2756	9016
2756	5016
2756	5534
2757	5831
2757	6713
2757	4313
2767	3520
2767	3139
2767	5439
2771	7907
2771	2888
2771	8177
2778	6014
2779	3747
2781	6014
2791	7334
2791	4338
2791	3249
2791	6291
2792	4741
2792	3895
2792	2845
2795	7755
2798	6715
2800	7556
2803	6565
2805	5247
2809	5356
2809	7985
2809	8151
2818	6869
2818	2821
2821	4427
2821	5087
2823	3636
471	6448
471	3080
2828	4996
2842	7953
2842	6565
2845	4871
2845	3950
2845	6966
2849	3557
475	6651
2852	7810
2852	3698
2852	5598
2852	3769
2858	4064
2858	6818
2858	4715
2858	5330
2858	5268
2859	7919
2859	4222
2863	7808
2863	7172
2863	6195
2873	5722
2875	7727
2881	4448
2882	6851
2883	8674
2890	5454
8674	8619
8674	4101
2895	7142
2895	1331
2901	7607
2902	3802
2904	3490
2906	3539
2906	6045
2906	4010
2911	5681
2912	3911
2928	6059
2934	4098
2934	8168
2934	6706
2934	4796
2936	7142
2937	6946
2938	4250
2941	6801
2948	6584
2957	7407
2959	3447
2965	7080
2965	3249
2965	3176
2971	3456
2971	7505
2977	3699
2981	763
2981	4038
2981	5831
2981	3829
2981	4507
2984	4912
2984	7795
2985	7501
2987	9413
2988	5288
2988	5043
2989	7504
2989	3353
2995	8153
2998	6074
3002	6198
3003	5165
3004	6854
3004	7130
3006	6195
3015	1056
3015	8181
3015	5214
3027	5092
3029	4389
3029	3661
3029	7288
506	6425
3040	6082
3040	5328
3046	4789
508	7356
509	3197
3056	3216
3056	4449
3062	6454
3065	7871
3075	4523
3077	6553
3080	3320
3080	8189
3083	3810
3083	3329
3083	3248
3083	3636
3083	7863
3083	3897
3083	3615
3087	3139
3089	7523
3093	7493
3095	3851
103	5486
3102	5379
3102	4692
3103	3557
3103	6446
3103	6388
3103	5723
3107	6421
3114	3213
3116	6727
3119	5570
3120	5553
3124	5885
3124	3895
3131	4062
3137	3747
3137	5330
3137	8948
3139	7824
3139	5412
3144	3693
3148	6986
8718	3254
1469	5992
3166	6432
3170	7449
3181	3699
3181	3508
3186	6063
3191	5572
3194	7664
3203	4064
3203	4610
3203	5351
3203	3483
3213	3718
3213	4893
3213	3645
3213	7967
3216	5382
3216	6808
3218	5992
3220	7810
3220	3843
3220	3271
3220	9256
3220	5513
3225	3793
3225	6711
3232	7653
3234	3663
3248	7494
3248	4184
3249	5520
3249	5045
3249	7449
3249	5557
3257	5356
3260	5223
3260	4460
3260	4339
3271	3652
3271	5419
3272	4208
3273	7851
3273	5836
3273	4159
3273	7327
3280	3652
3282	3979
3285	3868
3295	3584
3308	4327
3308	6920
3310	4832
3310	6220
3312	7207
3313	5598
3318	8140
3325	4732
3329	7723
3329	3435
3329	7405
3329	4274
3329	7498
8747	4832
8747	3843
3336	4389
3343	7421
3345	6553
3353	7883
3363	6521
3368	5706
3373	4769
3373	7055
3387	6920
3387	9170
3395	7881
3395	5486
3395	6108
566	7113
3399	4456
3403	6432
3412	7953
3424	4610
3425	5087
3435	7405
3445	4587
3445	6611
3447	7112
3447	9204
3449	7150
3449	5553
3449	7220
3449	7772
3456	3973
3456	7915
3456	4741
3469	5349
3477	3793
3478	5145
3483	3714
3483	1226
3490	4741
3490	4124
3502	6770
3505	8034
3507	5185
3508	5422
3508	3699
3508	6748
3508	5247
3511	4832
3519	4526
3522	4787
3524	5437
588	4560
3531	6506
3539	6593
3539	7724
3539	4735
3542	6651
3549	4735
3555	4515
3557	5008
3557	3614
3572	5185
3572	4627
3575	5706
3575	4243
3575	6132
3584	6092
3584	6063
3584	3730
3586	4645
3586	1127
3587	5663
3588	7864
3599	5356
3604	5008
3608	5185
3608	4655
3608	9041
3608	4306
3608	6111
3613	8088
3632	5328
3635	7360
3635	7493
3636	7360
3636	3969
3637	7997
608	7968
3651	7539
3651	1021
3652	6593
3652	6819
3652	5025
3652	3793
3652	5847
3656	7985
3657	6851
3660	4124
611	8120
611	7919
3671	7169
3688	7773
3693	7150
3693	6043
3693	4735
3698	4939
3698	8019
3698	6364
3700	6656
3702	7119
3730	856
3730	4700
3735	7648
3749	8003
3756	7169
3757	6851
3769	7991
3769	7287
3777	7808
3778	4655
3786	6634
3790	4445
3793	6711
3793	7700
3793	4796
3795	4052
3802	6220
3804	6858
3808	7578
3814	7968
3814	6565
3814	5836
3814	4526
3814	5239
3817	8170
3823	7907
3823	5992
3823	7407
3829	7504
3829	4930
3843	6854
3851	5762
3851	7173
3851	4840
3851	3918
3851	4440
3851	6044
3852	7746
3865	4258
3868	4834
3868	4262
3884	7723
3894	6262
3895	6310
3897	5440
3897	6503
3897	4300
3901	6074
3904	5251
3055	6651
3911	6305
3915	8045
3925	7505
3931	8948
3934	7504
3936	5483
3947	4250
3947	1285
3950	5632
3950	4827
3960	4290
3960	6043
3960	4061
3963	4026
3978	6986
3979	7811
3979	1285
3979	5073
3979	5879
3979	6181
4000	5288
4000	5498
4009	8158
4010	7011
4010	7821
4010	6618
4024	7112
4030	4160
4030	7011
4038	1011
4042	8189
4049	7684
4050	5247
4051	4783
4052	5376
4052	7025
4052	7378
4052	6430
4060	7036
4061	7746
4061	5321
4062	6137
4064	6137
4065	5481
4083	7145
4085	4509
4093	7327
4094	4184
4097	7160
4098	4125
4099	8147
4101	4819
4101	7356
4104	6078
4105	6528
4113	6092
4117	6052
4117	4269
4124	6493
4125	1163
4125	6818
4125	7613
4126	6153
691	5902
4153	7711
4154	4456
4159	7953
4163	9556
4170	5619
4184	7746
4184	5144
4184	7967
4184	7711
4206	7737
4208	4257
4208	1065
4208	7119
4208	7508
4208	7160
4222	4935
4222	7327
4224	5679
4234	7176
4234	4939
4250	7112
4251	7528
4258	7824
4269	1351
4276	6245
4276	5556
4276	6714
4277	7824
4279	5531
716	6108
716	6078
4300	995
4300	7760
4304	7509
4306	7334
4306	1519
4306	1557
4313	8619
4314	995
4314	7806
4318	4837
4325	6140
4327	6324
4327	1285
4330	5214
4339	7785
4339	4442
4339	6043
4346	6421
4356	6406
4356	6503
4356	6651
4378	4837
4381	6233
4382	6305
4383	4770
4383	5043
4383	5751
4388	6019
4388	5679
4390	1182
4403	6869
4406	6838
4421	4448
8929	7821
4436	8181
4442	1024
4442	6991
4445	4838
4445	5106
4445	6484
4445	6907
4448	7396
4449	5422
4452	7479
4459	5481
4460	7151
4466	7044
4497	8037
4504	6669
4507	5800
4515	5634
4515	6634
4516	8058
4516	4700
4526	7756
4526	7036
4526	5836
4526	8150
4526	5852
4526	7037
4527	5553
4536	7711
4539	4550
4550	4621
4560	4840
4566	6725
4566	1182
4571	7396
763	5438
4586	5531
4590	5270
4591	7130
4592	7648
4605	4835
4606	5800
4621	5092
4621	6824
4621	6167
4651	6059
4652	6593
4655	5771
4656	5420
4656	4790
4656	6727
4660	5008
4688	6153
4700	6276
4715	7334
4722	7953
4731	6496
4731	6421
4732	5519
4763	7934
4769	6541
4769	5102
4769	7055
4769	6490
4769	5438
4773	4796
4777	4832
4781	6364
4783	5218
4783	6446
4783	5187
4783	5982
4787	4986
4790	5347
4797	6283
4797	7795
4798	7664
4812	7352
4815	7421
4819	6237
4838	7962
4840	5440
4840	5971
4840	5016
4842	7795
4849	6713
4851	6019
4871	9556
4880	6430
4893	5016
4895	5210
4899	5864
4902	5894
4912	7795
4921	6818
4921	6883
4921	7032
4921	7036
4930	8962
4930	7505
4931	5333
4938	6446
4946	6114
4962	6917
4962	5477
2195	7821
4996	7359
5008	5570
5008	7874
5008	7318
5012	6304
5014	6048
5014	6074
5016	1228
5029	7745
5029	6798
5043	6063
5043	7934
5044	6761
5073	6851
5073	5722
5087	6895
5092	6167
5098	6801
5101	5288
5110	5626
5133	7390
5145	6448
5153	5929
5175	8150
5194	209
5194	6838
5194	5530
1537	7479
5212	5663
5214	5762
5217	7773
5223	5376
5224	6521
5233	7142
873	5586
873	7811
5251	5652
5268	5351
5268	6678
5268	5917
5270	7209
5270	6397
5288	5440
5288	6851
5288	6119
5291	5879
5301	7151
5317	6276
5321	5899
5321	5997
5328	6855
5328	6924
5330	6240
5347	7207
5347	6727
5349	6754
5349	7466
5349	5420
5349	6063
892	7864
5357	5879
5368	7613
5383	6290
5392	5751
5397	5419
5419	6040
5420	5599
5420	7871
5422	1178
5436	8151
5438	6955
5440	7864
5453	5723
5453	9471
5454	6678
5458	6858
5458	7037
5460	5864
1000	6428
5477	6220
5481	8037
5481	8147
9609	7011
5498	6764
5498	8189
5498	8158
5507	7717
5513	7881
5513	8427
920	7125
920	7863
5531	5751
5531	5723
5544	9256
5552	7220
5572	7263
5574	1333
5577	7360
5586	7169
5594	7036
5594	6966
5619	1002
5619	6924
5619	6765
5619	6447
5620	6801
5626	6541
5626	6285
5626	6198
5626	6711
5632	6237
5634	5637
5634	6907
5635	8003
5637	6907
5638	6917
5642	8158
5652	7079
5663	7160
5665	7653
5665	7448
5681	6220
5694	7501
5714	8962
5728	7512
5751	6043
5762	7987
5764	7252
5775	7025
5793	7209
5793	6114
5797	7968
5797	7621
5801	7997
1557	7528
1557	7664
5827	6074
5836	7851
5836	5911
9169	1285
9170	6920
9170	6425
5873	7288
5885	9200
5886	6869
5917	6819
5917	7948
5924	6465
5937	6920
5937	7080
5952	7327
5957	6801
5971	7556
5992	6502
5992	6506
5992	7790
5992	6714
6019	6530
6039	8181
6048	7801
6052	6808
6059	6095
6063	6094
6063	7987
6108	7101
6119	8177
1021	6770
1021	1182
6128	6349
6137	7252
6140	7578
6140	6181
6181	8962
6181	6362
6198	8031
6199	7136
6204	7760
6220	7025
6220	1052
6233	6747
5137	7987
6262	7985
6262	6678
6271	6493
6276	7318
6283	8103
6283	6491
6290	798
6305	8140
6305	7101
6312	7613
6330	7851
6349	7801
6364	7863
6388	7821
6394	7203
6394	2711
6421	6474
6428	6797
6430	9352
6447	7136
6448	7991
6450	7997
6452	7390
6465	8034
6474	8037
6474	7091
6493	7084
6502	7194
6503	6651
6506	7296
6521	7755
6534	7962
6564	8035
6564	7806
6565	8147
6584	7528
6593	8035
6611	7703
6705	6986
6711	6822
6713	7684
6725	1304
6742	7032
6795	6819
6851	7352
6854	7197
6874	7137
6874	2579
6949	7777
6955	8003
6955	7183
6980	7810
6986	8045
6986	8151
6990	7428
7001	7684
7025	7378
7032	8034
7055	1182
7065	8088
7091	7097
7097	7648
7125	7320
7128	8150
7146	7653
7176	7069
7181	7415
7199	7501
7220	7967
7275	7724
7307	8150
7325	8153
7333	7550
7350	7449
7359	7390
7360	7745
7378	7727
7449	7664
7505	7881
7505	7714
7509	7824
7523	8151
7613	7746
7664	8035
7671	7700
7777	8120
7808	8104
7821	8147
7896	7991
