8192	8193
8192	8194
8192	8195
8192	8196
8192	8197
8192	8187
8192	8188
8192	8190
8192	8191
8193	8194
8193	8195
8193	8196
8193	8197
8193	8198
8193	8188
8193	8189
8193	8190
8193	8191
8194	8195
8194	8196
8194	8197
8194	8198
8194	8199
8194	8189
8194	8190
8194	8191
8195	8196
8195	8197
8195	8198
8195	8199
8195	8200
8195	8190
8195	8191
8196	8197
8196	8198
8196	8199
8196	8200
8196	8191
8197	8198
8197	8199
8197	8200
8198	8199
8198	8200
8199	8200
8199	8201
8199	8203
8200	8201
8200	8204
8200	6615
1708	1703
1708	1704
1708	1705
1708	1706
1708	1707
1708	1709
1708	1710
1708	1711
1708	1712
1708	1713
1709	1704
1709	1705
1709	1706
1709	1707
1709	1710
1709	1711
1709	1712
1709	1713
1709	1714
2319	8147
5797	5792
5797	5793
5797	5794
5797	5795
5797	5798
5797	5799
5797	5800
5797	5801
5797	5802
8210	8214
2051	8273
8212	8217
8212	8215
1710	1705
1710	1706
1710	1707
1710	1711
1710	1712
1710	1713
1710	1714
1710	1715
8214	6506
8214	8209
8214	8211
8214	8215
8214	8216
8214	8217
8214	8218
8214	8219
8215	8216
8215	8217
8215	8218
8215	8219
8215	8220
8215	1978
8216	8211
8216	8217
8216	8218
8216	8219
8216	8220
8216	8221
8217	8213
8217	8218
8217	8219
8217	8220
8217	8221
8217	8222
8218	8219
8218	8220
8218	8221
8218	8222
8218	8223
8219	8224
8219	8220
8219	8221
8219	8222
8219	8223
8220	8224
8220	8225
8220	8221
8220	8222
8220	8223
8221	8224
8221	8225
8221	8226
8221	8222
8221	8223
8222	8224
8222	8226
8222	8227
8222	9616
8222	8223
8223	8224
8223	8225
8223	8226
8223	8227
8223	8228
8224	8225
8224	8226
8224	8227
8224	8228
8224	8229
8224	3086
8225	8226
8225	8227
8225	8228
8225	8229
8225	8230
8226	8227
8226	8228
8226	8229
8226	8230
8226	8231
8227	8228
8227	8229
8227	8230
8227	8231
8227	8232
8228	8229
8228	8230
8228	8231
8228	8232
8228	8233
8229	8230
8229	8231
8229	8232
8229	8233
8229	8234
8230	8232
8230	8233
8230	8234
8230	8235
8230	8112
8231	8232
8231	8233
8231	8234
8231	8235
8231	8236
8232	8233
8232	8234
8232	8235
8232	8236
8232	8237
8233	8234
8233	8235
8233	8236
8233	8237
8233	8238
8233	729
8234	8235
8234	8236
8234	8237
8234	8238
8234	8239
8235	8236
8235	8237
8235	8238
8235	8239
8235	8240
8236	2667
8236	8237
8236	8239
8236	8240
8236	8241
8237	8238
8237	8239
8237	8240
8237	8241
8237	8242
8238	8239
8238	8240
8238	8241
8238	8242
8238	8243
8239	8240
8239	8241
8239	8242
8239	8243
8239	8244
8240	8241
8240	8242
8240	8243
8240	8244
8240	8245
8241	8243
8241	8244
8241	8245
8241	8246
8242	8243
8242	8244
8242	8245
8242	8246
8242	8247
8243	8244
8243	8245
8243	8246
8243	8247
8243	8248
8244	8245
8244	8246
8244	8247
8244	8248
8244	8249
8245	8246
8245	8247
8245	8248
8245	8249
8245	8250
8246	2867
8246	8247
8246	8249
8246	8250
8246	8251
8247	8248
8247	8249
8247	8250
8247	8251
8247	8252
8248	6610
8248	8249
8248	8250
8248	8251
8248	8252
8248	8253
8249	8250
8249	8251
8249	8252
8249	8253
8249	8254
8250	3024
8250	8251
8250	8252
8250	8253
8250	8255
8251	8256
8251	8252
8251	8253
8251	8254
8251	8255
8252	8256
8252	8257
8252	8253
8252	8254
8252	8255
8253	8256
8253	8257
8253	8258
8253	8254
8253	8255
8254	8256
8254	8257
8254	8258
8254	8259
8254	8255
8255	8256
8255	8257
8255	8258
8255	8259
8255	8260
8256	8257
8256	8258
8256	8259
8256	8260
8256	8261
8257	8258
8257	8259
8257	8260
8257	8261
8257	8262
8258	8259
8258	8260
8258	8261
8258	8262
8258	8263
8258	4139
8259	8260
8259	8261
8259	8262
8259	8263
8259	8264
8260	8261
8260	8262
8260	8263
8260	8264
8260	8265
8260	8185
8261	8262
8261	8263
8261	8264
8261	8265
8261	8007
8262	8263
8262	8264
8262	8265
8262	8266
8262	8267
8263	8264
8263	8265
8263	8266
8263	8267
8263	8268
8264	8266
8264	8267
8264	8268
8264	8269
8265	8266
8265	8267
8265	8268
8265	8269
8265	9584
8265	7837
8266	8267
8266	8268
8266	8269
8266	8270
8266	8271
8267	8268
8267	8269
8267	8270
8267	8271
8267	8272
8268	8269
8268	8270
8268	8271
8268	8272
8268	8273
8269	8270
8269	8271
8269	8272
8269	8273
8269	8274
8270	8271
8270	8272
8270	8273
8270	8274
8270	8275
8271	8272
8271	8273
8271	8274
8271	8275
8272	8273
8272	8274
8272	8275
8272	8276
8272	8277
8273	8274
8273	8275
8273	8276
8273	8277
8274	8275
8274	8276
8274	8277
8274	8278
8274	8279
8275	2729
8275	8277
8275	8278
8275	8279
8275	8280
8275	4574
8276	8277
8276	8278
8276	8279
8276	8280
8276	8281
8277	8278
8277	8279
8277	8280
8277	8281
8277	8282
8278	8279
8278	8280
8278	8281
8278	8282
8278	8283
8279	8280
8279	8281
8279	8282
8279	8283
8279	8284
8280	8281
8280	8282
8280	8283
8280	8284
8281	8282
8281	8283
8281	8284
8282	8283
8282	8284
8283	3398
8283	8284
8284	2106
8284	9150
8284	8287
3771	6939
4201	5785
5800	5795
5800	5796
5800	5798
5800	5799
5800	5801
5800	5802
5800	5803
5800	5804
5800	5805
4204	4208
4204	4209
4205	4208
4205	4209
4205	4210
4206	4208
4206	4209
4206	4211
4207	4209
4207	4210
4207	4211
4207	4212
4208	4203
4208	4209
4208	4210
4208	4211
4208	4212
4208	4213
4209	4210
4209	4211
4209	4212
4209	4213
4209	4214
4210	4211
4210	4212
4210	4213
4210	4214
4210	4215
4211	4212
4211	4213
4211	4214
4211	4215
4211	4216
4212	722
4212	4213
4212	4214
4212	4215
4212	4216
4212	4217
4213	4214
4213	4215
4213	4216
4213	4217
4213	4218
4214	4215
4214	4216
4214	4217
4214	4218
4214	4219
4215	8139
4215	4216
4215	4217
4215	4218
4215	4219
4215	4220
4216	4217
4216	4218
4216	4219
4216	4220
4216	4221
4217	4218
4217	4219
4217	4220
4217	4221
4217	4222
4218	4219
4218	4220
4218	4221
4218	4222
4218	4223
4219	4224
4219	2922
4219	8401
4219	4220
4219	4221
4219	4222
4219	4223
4220	4224
4220	4225
4220	3438
4220	4221
4221	4224
4221	4225
4221	4226
4221	4222
4221	4223
4222	4224
4222	4226
4222	4227
4222	4223
4223	4224
4223	4225
4223	4226
4223	4227
4223	4228
4224	4225
4224	4226
4224	4227
4224	4228
4224	4229
4225	4226
4225	4227
4225	4228
4225	4229
4225	4230
4226	4227
4226	4229
4226	4230
4226	4231
4226	2247
4227	4229
4227	4230
4227	4231
4227	4232
4228	4229
4228	4230
4228	4231
4228	4232
4228	4233
4229	4230
4229	4232
4229	4233
4229	4234
4229	5751
4230	4231
4230	4232
4230	4233
4230	4234
4230	4235
4231	4232
4231	4233
4231	4235
4231	4236
4232	4233
4232	4234
4232	4235
4232	4236
4232	4237
4233	4234
4233	4235
4233	4236
4233	4237
4233	4238
4234	4235
4234	4237
4234	4238
4234	4239
4235	4236
4235	4237
4235	4238
4235	4239
4235	4240
4236	4237
4236	4238
4236	4239
4236	4240
4236	4241
4237	4238
4237	4239
4237	4240
4237	4241
4237	4242
4238	4239
4238	4240
4238	4241
4238	4242
4239	5985
4239	4240
4239	4241
4239	4242
4240	7849
4240	4241
4240	4242
4241	4242
4242	3556
4242	5221
4242	4246
1390	8159
6852	8532
7536	8120
5785	4617
5785	5780
5785	5781
5785	5782
5785	5783
5785	5784
5785	5786
5785	5787
5785	5788
5785	5789
166	168
166	169
166	170
166	171
166	167
167	168
167	169
167	170
167	171
167	172
168	169
168	170
168	171
168	172
168	173
169	170
169	171
169	172
169	173
169	174
170	171
170	172
170	173
170	174
170	6930
171	172
171	173
171	174
171	175
171	176
172	173
172	174
172	175
172	176
172	177
173	174
173	175
173	176
173	177
173	178
174	175
174	176
174	177
174	178
174	179
175	176
175	177
175	178
175	179
175	180
176	177
176	178
176	179
176	180
176	181
177	178
177	179
177	180
177	181
177	182
178	179
178	180
178	181
178	182
178	183
179	180
179	181
179	183
179	184
180	181
180	182
180	183
180	184
180	185
181	182
181	183
181	184
181	186
182	5755
182	183
182	184
182	185
182	186
182	187
183	184
183	185
183	186
183	187
183	188
184	185
184	186
184	187
184	188
185	186
185	187
185	188
185	189
185	190
186	188
186	189
186	190
186	191
187	192
187	188
187	189
187	190
187	191
188	192
188	193
188	189
188	190
188	191
189	192
189	193
189	194
189	190
189	191
190	192
190	193
190	194
190	195
190	191
191	192
191	193
191	194
191	195
191	196
192	194
192	195
192	196
192	197
193	194
193	195
193	196
193	197
193	198
194	195
194	196
194	198
194	199
195	197
195	198
195	199
195	200
196	197
196	198
196	199
196	200
197	198
197	199
197	200
198	199
198	200
199	200
199	8186
2252	2773
6956	9128
3489	4359
4814	5721
2989	2993
2989	2991
1060	8145
1712	1707
1712	1711
1712	1713
1712	1714
1712	1715
1712	1716
1712	1717
4319	5786
8417	5757
5499	5793
6145	9625
2280	5783
2046	2750
5798	5793
5798	5794
5798	5795
5798	5796
5798	5799
5798	5801
5798	5802
5798	5803
1713	1714
1713	1716
1713	1717
1713	1718
2299	3023
4349	4352
4349	4354
5794	5792
5794	5793
5794	5795
5794	5796
5794	5799
5794	2639
5794	5789
5794	5790
5794	5791
4351	4352
4351	4354
4352	4353
4352	4354
4352	4355
4352	4356
4352	4357
4352	4347
4353	4354
4353	4355
4353	4356
4353	4357
4353	4358
4354	4355
4354	4356
4354	4357
4354	4358
4354	4359
4354	4350
4355	4356
4355	4357
4355	4358
4355	4359
4355	4360
4356	4357
4356	4358
4356	4359
4356	4360
4356	4361
4357	4358
4357	4359
4357	4361
4357	4362
4357	9582
4357	2371
4357	1343
4358	4359
4358	4360
4358	4362
4358	4363
4359	4360
4359	4361
4359	4362
4359	4363
4359	4364
4360	4361
4360	4362
4360	4363
4360	4364
4360	4365
4361	4362
4361	4363
4361	4364
4361	4365
4361	4366
4362	4364
4362	4365
4362	4366
4362	4367
4362	1928
4363	4364
4363	4365
4363	4366
4363	4367
4363	4368
4364	4365
4364	4366
4364	4367
4364	4368
4364	4369
4365	4366
4365	4367
4365	4368
4365	4369
4365	4370
4366	4367
4366	4368
4366	4369
4366	4370
4366	4371
4367	4368
4367	4369
4367	4370
4367	4371
4367	4372
4368	4369
4368	4370
4368	4371
4368	4372
4368	4373
4369	4370
4369	4371
4369	4372
4369	4373
4369	4374
4370	4371
4370	4372
4370	4373
4370	4374
4370	2687
4371	4372
4371	4373
4371	4374
4371	4375
4371	4376
4372	4373
4372	4374
4372	4375
4372	4376
4372	4377
4373	4374
4373	4375
4373	4376
4373	4377
4373	4378
4374	8163
4374	4375
4374	4376
4374	4378
4374	4379
4375	4376
4375	4377
4375	4379
4375	4380
4376	4377
4376	4378
4376	4379
4376	4380
4376	4381
4377	4378
4377	4379
4377	4380
4377	4381
4377	4382
4378	4379
4378	4380
4378	4381
4378	4382
4378	4383
4379	4384
4379	4380
4379	4381
4379	4382
4379	4383
4380	4384
4380	4385
4380	4381
4380	4382
4380	4383
4381	4384
4381	4385
4381	4386
4381	4382
4381	4383
4382	4384
4382	4385
4382	4386
4382	4387
4382	4383
4383	4384
4383	4385
4383	4386
4383	4387
4383	4388
4384	4385
4384	4386
4384	4387
4384	4388
4384	4389
4385	4386
4385	4387
4385	4388
4385	4389
4385	5189
4386	4388
4386	4389
4386	4390
4386	4391
4386	1680
4386	8696
4387	4388
4387	4389
4387	4390
4387	4391
4387	4392
4388	4389
4388	4390
4388	4391
4388	4392
4388	4393
4389	4390
4389	4391
4389	4392
4389	4393
4389	4394
4390	4391
4390	4392
4390	4393
4390	4394
4390	4395
4391	4392
4391	4393
4391	4394
4391	4395
4391	4396
4392	4393
4392	4394
4392	4395
4392	4396
4392	4397
4393	4394
4393	4395
4393	4396
4393	4397
4393	4398
4394	4395
4394	4396
4394	4397
4394	4398
4394	4399
4395	4396
4395	4397
4395	4398
4395	4399
4395	4400
4396	4397
4396	4398
4396	4399
4396	4400
4396	4401
2349	2344
2349	2345
2349	2346
2349	2347
2349	2348
2349	2350
2349	2351
2349	2352
2349	2353
2349	2354
2350	2345
2350	2346
2350	2347
2350	2348
2350	2351
2350	2352
2350	2353
2350	2354
2350	2355
2351	2346
2351	2347
2351	2348
2351	2352
2351	2353
2351	2354
2351	2355
2351	2356
2352	2347
2352	2348
2352	2353
2352	2354
2352	2355
2352	2356
2352	2357
2353	2348
2353	2354
2353	2355
2353	2356
2353	2357
2353	2358
2354	2355
2354	2356
2354	2357
2354	2358
2354	2359
2355	2356
2355	2357
2355	2358
2355	2359
2355	2360
2356	2357
2356	2358
2356	2359
2356	2360
2356	2361
8501	9125
8501	8496
8501	8498
8501	8499
8501	8502
8501	8504
8501	8505
8501	8506
2358	2359
2358	2360
2358	2361
2358	2362
2358	2363
2359	2357
2359	7863
2359	2360
2359	2361
2359	2363
2359	2364
2360	2357
2360	2361
2360	2362
2360	2363
2360	2364
2360	2365
2361	2357
2361	2362
2361	2363
2361	2364
2361	2365
2361	2366
2362	2357
2362	2363
2362	2364
2362	2365
2362	2366
2362	2367
2363	2368
2363	2364
2363	2365
2363	2366
2363	2367
2364	2368
2364	2369
2364	2365
2364	2366
2364	2367
2365	2368
2365	2369
2365	2370
2365	2366
2365	2367
2366	2368
2366	2369
2366	2370
2366	2371
2366	2367
2367	2368
2367	2369
2367	2370
2367	2371
2367	2372
2368	2369
2368	2370
2368	2371
2368	2372
2368	2373
2369	2370
2369	2371
2369	2372
2369	2373
2369	2374
2370	2371
2370	2372
2370	2373
2370	2374
2370	2375
2370	8849
2370	6917
2371	2372
2371	2373
2371	2375
2371	2374
2372	2373
2372	2374
2372	2375
2372	2376
2372	2377
2373	2374
2373	2375
2373	2376
2373	2377
2373	2378
2373	5552
2374	2375
2374	2376
2374	2377
2374	2378
2375	2376
2375	2377
2375	2378
2376	2377
2376	2378
2376	3023
2377	2378
2378	2380
2378	2382
8523	8518
8523	8520
8523	8521
8523	8524
8523	8525
8523	8526
8523	8527
8523	8528
8524	8519
8524	8520
8524	8521
8524	8522
8524	8525
8524	8526
8524	8528
8524	8529
8525	8520
8525	8521
8525	8522
8525	8526
8525	8527
8525	8528
8525	8529
8525	8530
8526	3431
8526	8522
8526	8527
8526	8528
8526	8529
8526	8530
8526	8531
8527	8522
8527	8528
8527	8529
8527	8530
8527	8531
8527	8532
8528	8529
8528	8530
8528	8531
8528	8532
8529	8530
8529	8531
8529	8532
8530	6962
8530	8531
8531	8532
8531	8533
8531	8535
8532	8533
8532	8536
7908	5721
1707	1702
1707	1703
1707	1704
1707	1705
1707	1706
1707	1711
4156	4399
9278	9600
4471	4476
4472	4476
4473	4476
4474	4475
4474	4476
4474	4477
4474	4478
4474	4479
4475	4337
4475	4476
4475	4477
4475	4478
4475	4479
4476	4480
4476	4481
4476	4477
4476	4478
4476	4479
4477	4480
4477	4481
4477	4478
4477	4479
4478	4480
4478	4481
4478	4483
4478	5237
4478	4479
4479	4480
4479	4481
4479	4483
4479	2997
4480	4481
4480	4483
4481	9152
4481	4483
5799	5795
5799	5796
5799	5801
5799	5802
5799	5803
5799	5804
4494	9128
4774	8715
5055	6909
2461	9589
5731	5728
5731	5729
5731	5732
5731	5733
5731	5734
5731	5735
5731	5736
5731	5726
5731	5727
5814	5809
5814	5810
2483	5730
5811	5808
5811	5809
5811	5806
5811	5807
5813	5810
1099	9139
2503	5179
2125	8166
8179	8174
8179	8175
8179	8176
8179	8177
8179	8178
8179	8180
8179	8181
8179	8182
8179	8183
8179	8184
5812	5808
5812	5807
5784	5779
5784	5780
5784	5781
5784	5782
5784	5783
5784	5786
5784	5787
5784	5788
5784	5789
3150	3404
6427	8687
6358	9637
2530	8129
8683	8688
8683	8686
8684	8688
3767	8500
8686	8687
8686	8688
8686	8689
8686	8690
8686	8691
8687	8688
8687	8689
8687	8690
8687	8691
8687	8692
8688	8685
8688	8689
8688	8690
8688	8691
8688	8692
8688	8693
8689	5229
8689	8690
8689	8691
8689	8693
8689	8694
8689	8685
8690	8691
8690	8692
8690	8693
8690	8694
8690	8695
8691	8692
8691	8693
8691	8694
8691	8695
8691	8696
8692	8693
8692	8694
8692	8695
8692	8696
8692	8697
8693	8694
8693	8695
8693	8696
8693	8697
8693	8698
8694	8695
8694	8696
8694	8697
8694	8698
8694	8699
8695	8696
8695	8697
8695	8698
8695	8699
8695	8700
8696	8697
8696	8698
8696	8699
8696	8700
8696	8701
8697	4276
8697	8698
8697	8699
8697	8700
8697	8701
8697	8702
8698	8699
8698	8700
8698	8701
8698	8702
8698	8703
8699	8704
8699	8700
8699	8701
8699	8702
8699	8703
8700	8704
8700	8705
8700	960
8700	8701
8700	8702
8700	8703
8701	8704
8701	8705
8701	8706
8701	4046
8701	8702
8701	8703
8702	8704
8702	8705
8702	8706
8702	8707
8702	8703
8703	8704
8703	8705
8703	8706
8703	8707
8703	8708
8704	8705
8704	8706
8704	8707
8704	8708
8704	8709
8705	8706
8705	8707
8705	8708
8705	8709
8705	8710
8706	8707
8706	8708
8706	8709
8706	8710
8706	8711
8707	8708
8707	8709
8707	8710
8707	8711
8707	8712
8708	8709
8708	8710
8708	8711
8708	8712
8708	8713
8708	728
8709	8710
8709	8711
8709	8712
8709	8713
8709	8714
8710	8711
8710	8712
8710	8713
8710	8714
8710	8715
8710	7602
8711	8712
8711	8713
8711	8714
8711	8715
8711	8716
8712	8713
8712	8714
8712	8715
8712	8716
8712	8717
8712	6847
8713	8714
8713	8715
8713	8716
8713	8717
8713	8718
8714	8715
8714	8716
8714	8717
8714	8718
8714	8719
8715	8716
8715	8717
8715	8718
8715	8719
8715	5097
8716	8717
8716	8718
8716	8719
8716	8720
8716	8721
8717	8718
8717	8719
8717	8720
8717	8721
8717	8722
8718	8719
8718	8720
8718	8721
8718	8722
8718	8723
8718	7991
8719	8720
8719	8721
8719	8722
8719	8723
8719	8724
8720	8721
8720	8722
8720	8723
8720	8724
8720	8725
8721	3235
8721	8722
8721	8723
8721	8724
8721	8725
8722	8724
8722	8725
8723	8724
8723	8725
8724	8725
8725	4145
8725	4759
2585	9659
8738	8183
8741	8124
2598	8094
1458	9152
4616	5789
3507	5757
4661	5804
2825	5762
4666	9141
8119	8114
8119	8115
8119	8116
8119	8117
8119	8118
8119	8120
8119	8121
8119	8122
8119	8123
8119	8124
9162	9157
8496	8498
7785	9620
1125	5167
1469	8189
2683	5792
703	5772
1711	1706
1711	1714
1711	1715
1711	1716
1711	1302
2987	2990
2987	2991
6595	8096
9160	9157
4757	6944
2713	2718
2714	2718
2714	2719
2715	2718
2716	2720
2716	2718
2717	2720
2717	2722
2717	2719
2718	2720
2718	2721
2718	2722
2718	2723
2718	2719
2719	2720
2719	2721
2719	2722
2719	2723
2719	2724
2720	2721
2720	2722
2720	2723
2720	2724
2720	2725
2721	2722
2721	2723
2721	2724
2721	2725
2721	2726
2722	2723
2722	2724
2722	2725
2722	2726
2722	2727
2723	2724
2723	2725
2723	2726
2723	2727
2723	2728
2724	2725
2724	2726
2724	2727
2724	2729
2725	2726
2725	2727
2725	2728
2725	2729
2725	2730
2726	2727
2726	2728
2726	2729
2726	2730
2726	2731
2727	2728
2727	2729
2727	2730
2727	2731
2727	2732
2728	2729
2728	2730
2728	2731
2728	2732
2728	2733
2729	2730
2729	2731
2729	2732
2729	2733
2729	2734
2730	2731
2730	2732
2730	2733
2730	2734
2730	2735
2731	2732
2731	2733
2731	2734
2731	2735
2731	2736
2732	2733
2732	2734
2732	2735
2732	2736
2732	2737
2733	2734
2733	2735
2733	2736
2733	2737
2733	2738
2734	2735
2734	2736
2734	2737
2734	2738
2734	2739
2735	2736
2735	2737
2735	2738
2735	2739
2735	2740
2736	2737
2736	2738
2736	2739
2736	2740
2736	2741
2737	906
2737	2738
2737	2739
2737	2740
2737	2741
2737	2742
2738	2739
2738	2740
2738	2741
2738	2742
2738	2743
2739	2740
2739	2741
2739	2742
2739	2743
2739	2744
2740	2741
2740	2742
2740	2743
2740	2744
2740	2745
2741	2742
2741	2743
2741	2744
2741	2745
2741	2746
2742	2743
2742	2744
2742	2745
2742	2746
2742	2747
2743	2744
2743	2745
2743	2746
2743	2747
2743	2748
2744	2745
2744	2746
2744	2747
2744	2748
2744	2749
2744	2357
2745	8102
2745	2746
2745	2747
2745	2748
2745	2749
2746	2747
2746	2748
2746	2749
2746	2750
2746	2751
2747	2752
2747	2748
2747	2749
2747	2751
2748	2752
2748	2753
2748	2749
2748	2750
2748	2751
2749	2752
2749	2753
2749	2754
2749	2750
2749	2751
2750	2752
2750	2753
2750	2754
2750	2755
2751	2752
2751	2753
2751	2754
2751	2755
2751	2756
2752	2753
2752	2754
2752	2755
2752	2756
2752	2757
2753	2754
2753	2755
2753	2756
2753	2757
2753	2758
2754	2755
2754	2756
2754	2757
2754	2758
2754	2759
2755	2756
2755	2757
2755	2758
2755	2759
2755	2760
2756	2757
2756	2758
2756	2759
2756	2760
2756	2761
2757	2758
2757	2759
2757	2760
2757	2761
2757	2762
2758	2759
2758	2760
2758	2761
2758	2762
2758	2763
2758	921
2759	2760
2759	2761
2759	2762
2759	2763
2759	2764
2760	2761
2760	2762
2760	2763
2760	2764
2760	2765
2761	2762
2761	2765
2761	2766
2761	5749
2762	2763
2762	2764
2762	2765
2762	2767
2763	2764
2763	2765
2763	2766
2763	2767
2763	2768
2764	2765
2764	2766
2764	2767
2764	2768
2764	2769
2765	2766
2765	2767
2765	2768
2765	2769
2765	2770
2766	2767
2766	2768
2766	2769
2766	2770
2766	2771
2767	2768
2767	2770
2767	2771
2767	2772
2767	1014
2768	2769
2768	2770
2768	2771
2768	2772
2768	2773
2769	2770
2769	2771
2769	2772
2769	2773
2769	2774
2770	2771
2770	2772
2770	2774
2770	2775
2771	2773
2771	2774
2771	2775
2772	2774
2772	2775
2772	2776
2772	2777
2773	2774
2773	2775
2773	2776
2773	2777
2773	2778
2774	2775
2774	2776
2774	2777
2774	2778
2774	2779
2775	2776
2775	2777
2775	2778
2775	2779
2775	2780
2776	1027
2776	2778
2776	2779
2776	2780
2776	2781
2777	2778
2777	2779
2777	2780
2777	2781
2777	2782
2778	1348
2778	2779
2778	2780
2778	2781
2778	2782
2778	2783
2779	2784
2779	2780
2779	2781
2779	2782
2779	2783
2780	2784
2780	2785
2780	2781
2780	2782
2780	2783
2781	2784
2781	2785
2781	2786
2781	2782
2781	2783
2782	2784
2782	2785
2782	2786
2782	2787
2782	2783
2783	2784
2783	2785
2783	2786
2783	2787
2783	2788
2784	2785
2784	2786
2784	2787
2784	2788
2784	2789
2785	2786
2785	2788
2785	2789
2786	2787
2786	2788
2786	2789
2787	2788
2787	2789
2788	2789
2789	2792
2789	2794
6899	6904
6900	6904
6901	6904
6901	6905
6901	6906
6902	6904
6902	6905
6902	6906
6902	6907
6903	6904
6903	6905
6903	6906
6903	6908
6904	6905
6904	6906
6904	6907
6904	6908
6904	6909
6905	6906
6905	6907
6905	6908
6905	6909
6905	6910
6906	6907
6906	6908
6906	6909
6906	6910
6906	6911
6907	6912
6907	6908
6907	6909
6907	6910
6907	6911
6908	6912
6908	6913
6908	6909
6908	6910
6908	6911
6909	6912
6909	6914
6909	7882
6909	6910
6909	6911
6910	6912
6910	6913
6910	6914
6910	6915
6910	6911
6911	6912
6911	6914
6911	6915
6911	6916
6911	5296
6912	6913
6912	6914
6912	6915
6912	6916
6912	6917
6913	6914
6913	6915
6913	6916
6913	6917
6913	6918
6914	6915
6914	6916
6914	6917
6914	6918
6914	6919
6915	6916
6915	6917
6915	6918
6915	6919
6915	6920
6916	6917
6916	6918
6916	6919
6916	6920
6916	6921
6917	6919
6917	6920
6917	6921
6917	6922
6918	6919
6918	6920
6918	6921
6918	6922
6918	6923
6918	1075
6919	6920
6919	6921
6919	6923
6919	6924
6919	9586
6920	6921
6920	6922
6920	6923
6920	6924
6920	6925
6921	6922
6921	6923
6921	6924
6921	6925
6921	6926
6922	6923
6922	6924
6922	6925
6922	6926
6922	6927
6923	6924
6923	6925
6923	6926
6923	6927
6923	6928
6924	6925
6924	6926
6924	6927
6924	6928
6924	6929
6925	6926
6925	6927
6925	6928
6925	6929
6925	6930
6925	5171
6926	5568
6926	6927
6926	6928
6926	6929
6926	6930
6926	6931
6927	6928
6927	6929
6927	6930
6927	6931
6927	6932
6928	6929
6928	6930
6928	6932
6928	6933
6929	6856
6929	6931
6929	6933
6929	6934
6930	6931
6930	6932
6930	6933
6930	6934
6930	6935
6931	6932
6931	6933
6931	6934
6931	6935
6931	6936
6932	6933
6932	6934
6932	6935
6932	6936
6932	6937
6933	6934
6933	6935
6933	6936
6933	6937
6933	6938
6934	6935
6934	6936
6934	6937
6934	6938
6934	6939
6935	1581
6935	6936
6935	6937
6935	6938
6935	6939
6935	6940
6936	6937
6936	6938
6936	6939
6936	6940
6936	6941
6937	6938
6937	6939
6937	6940
6937	6941
6937	6942
6938	6939
6938	6940
6938	6941
6938	6942
6938	6943
6939	6944
6939	6940
6939	6941
6939	6942
6939	6943
6940	6944
6940	6945
6940	6941
6940	6942
6940	6943
6941	6944
6941	6945
6941	6946
6941	6942
6941	6943
6942	6944
6942	6945
6942	6946
6942	6947
6942	6943
6943	6944
6943	6945
6943	6946
6943	6947
6943	6948
6944	6946
6944	6947
6944	6948
6944	6949
6945	6946
6945	6948
6945	6950
6946	6948
6946	6950
6946	8521
5707	5712
5707	5711
4924	5809
914	3407
4928	5192
5792	5793
5792	5795
5792	5796
5792	5787
5792	5788
5792	5789
5792	5790
5792	5791
5802	5801
5802	5803
5802	5804
5802	5805
5802	5806
5802	5807
1714	1718
1714	1715
1714	1716
1714	1717
1714	9142
1714	1719
8075	8076
8075	8077
8075	8078
8075	8079
9098	9102
9098	9103
2190	3247
7507	5764
7848	5738
4411	4406
4411	4408
4411	4409
4411	4410
4411	4412
4411	5722
3559	8155
7326	9594
880	5236
2939	5725
5801	5796
5801	5803
5801	5804
5801	5805
5801	5806
7347	8519
903	8085
8077	8072
8077	8073
8077	8074
8077	8076
8077	8078
8077	8079
8077	8080
8077	8081
8077	8082
9097	9102
9099	9104
9099	9103
9100	9104
9100	9105
9100	9102
9100	9103
9101	9104
9101	9105
9101	9106
9101	9102
9101	9103
9102	9103
9102	9104
9102	9105
9102	9106
9102	9107
9103	9104
9103	9105
9103	9107
9103	9108
9103	8379
9104	9106
9104	9107
9104	9108
9104	9109
9105	8996
9105	9106
9105	9107
9105	9108
9105	9109
9105	9110
9106	9107
9106	9108
9106	9109
9106	9110
9106	9111
9107	9108
9107	9109
9107	9110
9107	9111
9107	9112
9108	9109
9108	9110
9108	9111
9108	9112
9108	9113
9109	9110
9109	9111
9109	9112
9109	9113
9109	9114
9110	9111
9110	9112
9110	9113
9110	9114
9110	9115
9111	9112
9111	9113
9111	9114
9111	9115
9111	9116
9112	5732
9112	9113
9112	9114
9112	9116
9112	9117
9113	9114
9113	9115
9113	9116
9113	9117
9113	9118
9114	9115
9114	9116
9114	9117
9114	9118
9114	9119
9115	9120
9115	9116
9115	9117
9115	9118
9115	9119
9116	9120
9116	9121
9116	4055
9116	9118
9116	9119
9117	9120
9117	9121
9117	9122
9117	9118
9117	9119
9118	9120
9118	9121
9118	9122
9118	9123
9118	9119
9119	9121
9119	9122
9119	9123
9119	9124
9120	9121
9120	9122
9120	9123
9120	9124
9120	9125
9121	9122
9121	9123
9121	9124
9121	9125
9121	9126
9122	9123
9122	9124
9122	9125
9122	9126
9122	9127
9122	8125
9123	9124
9123	9125
9123	9126
9123	9127
9123	9128
9124	9125
9124	9126
9124	9127
9124	9128
9124	9129
9125	9126
9125	9127
9125	9128
9125	9129
9125	9130
9126	9127
9126	9128
9126	9129
9126	9130
9126	9131
9127	9128
9127	9129
9127	9130
9127	9131
9127	9132
9128	9129
9128	9130
9128	9131
9128	9133
9129	9130
9129	9131
9129	9132
9129	9133
9129	9134
9130	9131
9130	9132
9130	9133
9130	9134
9130	9135
9131	6659
9131	9132
9131	9134
9131	9136
9131	9624
9132	9133
9132	9134
9132	9135
9132	9136
9132	9137
9133	9134
9133	9135
9133	9136
9133	9137
9133	9138
2990	1553
2990	2986
2990	2988
2990	2991
2990	2992
2990	2993
2990	2994
2990	2995
2991	2986
2991	2992
2991	2993
2991	2994
2991	2995
2991	2996
2992	2988
2992	2993
2992	2994
2992	2995
2992	2996
2992	2997
2993	2994
2993	2995
2993	2996
2993	2997
2993	2998
2994	2995
2994	2996
2994	2997
2994	2998
2994	2999
2995	2996
2995	2997
2995	2998
2995	2999
2995	3000
2996	2997
2996	2998
2996	2999
2996	3000
2996	3001
9141	4398
9141	9136
9141	9137
9141	9138
9141	9139
9141	9140
9141	9142
9141	9143
9141	9144
9141	9145
9141	9146
2998	2997
2998	2999
2998	3000
2998	3001
2998	3002
2998	3003
2999	2997
2999	3000
2999	3001
2999	3002
2999	3003
2999	3004
2999	2003
9144	9140
9144	9143
9144	9145
9144	9146
9144	9147
9144	9148
9144	9149
9145	2214
9145	9140
9145	9142
9145	9143
9145	9146
9145	9147
9145	9148
9145	9149
9146	9142
9146	9143
9146	9147
9146	9148
9146	9149
9146	9150
9146	9151
9147	9152
9147	9142
9147	9143
9147	9148
9147	9149
9147	9150
9147	9151
3004	3008
3004	3009
3004	3000
3004	3001
3004	3002
3004	3003
3004	3005
3004	3006
3004	3007
9149	9152
9149	9153
9149	9154
9149	9148
9149	9150
9149	9151
9150	9152
9150	9153
9150	9154
9150	9155
9150	9148
9150	9151
9151	9152
9151	9153
9151	9154
9151	9155
9151	9156
9151	3406
9151	9148
9152	9154
9152	9155
9152	9156
9152	9157
9152	9153
9153	9154
9153	9155
9153	9157
9153	9158
9153	9148
9154	9155
9154	9156
9154	9157
9154	9158
9155	9156
9155	9157
9155	9158
9155	964
9156	9158
9156	912
9157	9158
9158	9161
9158	9163
9158	5240
9158	7133
3015	3010
3015	3011
3015	3012
3015	3013
3015	3014
3015	3016
3015	3017
3015	3018
3015	3019
3015	3020
3016	3011
3016	3012
3016	3014
3016	3017
3016	3018
3016	3020
3016	3021
3017	3012
3017	3013
3017	3014
3017	3018
3017	3019
3017	3020
3017	3021
3017	3022
3018	3013
3018	3014
3018	3019
3018	3020
3018	3021
3018	3022
3018	3023
3019	3014
3019	3020
3019	3021
3019	3022
3019	3023
3019	8113
3019	1363
3020	3021
3020	3022
3020	3023
3021	3022
3021	3023
3022	3023
3023	3025
3023	3028
5080	9652
9580	9585
9580	9581
9580	9583
3775	5711
4412	1259
4412	4407
4412	4408
4412	4409
4412	4410
1194	5742
5132	5238
5139	9142
5151	5156
5152	5157
5153	5156
5153	5157
5153	5158
5154	5156
5154	5158
5154	5159
5155	5160
5155	5156
5155	5157
5155	5158
5155	5159
5156	5157
5156	5158
5156	5159
5156	5160
5156	5161
5157	5158
5157	5159
5157	5160
5157	5161
5157	5162
5158	5159
5158	5160
5158	5161
5158	5162
5158	5163
5159	5160
5159	5161
5159	5162
5159	5163
5159	5164
5160	5161
5160	5162
5160	5164
5160	5165
5161	5162
5161	5163
5161	5164
5161	5165
5161	5166
5162	5163
5162	5164
5162	5165
5162	5166
5162	5167
5163	5164
5163	5165
5163	5166
5163	5167
5163	5168
5164	5165
5164	5166
5164	5167
5164	5168
5164	5169
5165	5166
5165	5167
5165	5168
5165	5169
5165	5170
5166	8172
5166	5167
5166	5168
5166	5169
5166	5170
5167	5168
5167	5169
5167	5170
5167	5171
5167	5172
5168	5169
5168	5170
5168	5171
5168	5172
5168	5173
5169	5170
5169	5171
5169	5172
5169	5173
5169	5174
5170	5171
5170	5172
5170	5173
5170	5174
5170	5175
5171	5173
5171	5175
5171	5176
5172	5173
5172	5174
5172	5175
5172	5176
5172	5177
5173	5174
5173	5175
5173	5176
5173	5177
5173	5178
5174	5175
5174	5176
5174	5177
5174	5178
5174	5179
5175	5176
5175	5177
5175	5178
5175	5179
5175	5180
5176	4291
5176	5177
5176	5178
5176	5179
5176	5180
5176	5181
5177	5178
5177	5179
5177	5180
5177	5181
5178	5179
5178	5180
5178	5181
5178	5182
5178	5183
5179	5184
5179	5180
5179	5181
5179	5182
5179	5183
5180	5184
5180	5185
5180	5181
5180	5182
5180	5183
5181	5184
5181	5185
5181	5186
5181	5182
5181	5183
5182	5184
5182	5185
5182	5186
5182	5187
5182	5183
5183	5184
5183	5185
5183	5186
5183	5187
5183	5188
5184	5185
5184	5186
5184	5187
5184	5188
5184	9776
5185	5186
5185	5187
5185	5188
5185	5189
5185	5190
5186	5187
5186	5188
5186	5189
5186	5190
5186	5191
5187	5188
5187	5189
5187	5190
5187	5191
5187	5192
5188	5189
5188	5190
5188	5191
5188	5192
5188	5193
5189	5190
5189	5192
5189	5193
5189	5194
5189	5191
5190	5191
5190	5192
5190	5193
5190	5194
5190	5195
5191	5192
5191	5193
5191	5194
5191	5195
5191	5196
5192	5193
5192	5194
5192	5195
5192	5196
5192	5197
5193	5194
5193	5195
5193	5196
5193	5197
5193	5198
5194	2343
5194	5195
5194	5196
5194	5197
5194	5198
5194	5199
5195	5197
5195	5198
5195	5199
5195	5200
5195	3742
5196	5197
5196	5198
5196	5199
5196	5200
5196	5201
5197	5198
5197	5199
5197	5200
5197	5201
5197	5202
5198	5202
5198	5200
5198	5201
5198	5810
5198	5203
5199	5200
5199	5201
5199	5202
5199	5203
5199	5204
5200	929
5200	5201
5200	5203
5200	5204
5200	5205
5201	5202
5201	5203
5201	5204
5201	5205
5201	5206
5202	5203
5202	5204
5202	5205
5202	5206
5202	5207
5203	5204
5203	5205
5203	5206
5203	5207
5203	5208
5204	5205
5204	5206
5204	5207
5204	5208
5204	5209
5205	5206
5205	5207
5205	5208
5205	5209
5205	5210
5206	5207
5206	5208
5206	5209
5206	5210
5206	5211
5207	5208
5207	5209
5207	5210
5207	5211
5207	5212
5207	9789
5208	5209
5208	5210
5208	5211
5208	5212
5208	5213
5209	5210
5209	5211
5209	5212
5209	5213
5210	5211
5210	5212
5210	5213
5210	5214
5210	5215
5211	5216
5211	5212
5211	5213
5211	5214
5211	5215
5212	5216
5212	5217
5212	5213
5212	5214
5212	5215
5213	5216
5213	5217
5213	5218
5213	5214
5213	5215
5214	5216
5214	5217
5214	5218
5214	5219
5214	5738
5215	5216
5215	5217
5215	5218
5215	5219
5215	5220
5216	5217
5216	5218
5216	5219
5216	5220
5216	5221
5217	5218
5217	5219
5217	5220
5217	5221
5217	5222
5218	5219
5218	5220
5218	5221
5218	5222
5218	5223
5219	5220
5219	5221
5219	5222
5219	5223
5219	5224
5220	5221
5220	5222
5220	5223
5220	5224
5220	5225
5221	5222
5221	5223
5221	5224
5221	5225
5221	5226
5222	5223
5222	5224
5222	5225
5222	5226
5222	5227
5223	5224
5223	5225
5223	5226
5223	5227
5223	5228
5224	5225
5224	5226
5224	5227
5224	5228
5224	5229
5225	5226
5225	5227
5225	5228
5225	5229
5225	5230
5226	5227
5226	5228
5226	5229
5226	5230
5226	5231
5227	5228
5227	5229
5227	5230
5227	5231
5227	5232
5228	5229
5228	5230
5228	5231
5228	5232
5228	5233
5229	5230
5229	5231
5229	5232
5229	5234
5230	5231
5230	5232
5230	5233
5230	5234
5230	5235
5231	5232
5231	5233
5231	5235
5231	5236
5232	5233
5232	5234
5232	5235
5232	5236
5232	5237
5233	5234
5233	5235
5233	5236
5233	5237
5233	5238
5234	5235
5234	5236
5234	5237
5234	5238
5234	5239
5235	5236
5235	5237
5235	5238
5235	5239
5235	5240
5236	5546
5236	5237
5236	5238
5236	5239
5236	5241
5237	5238
5237	5239
5237	5240
5237	5241
5237	5242
5238	5239
5238	5240
5238	5241
5238	5242
5239	5240
5239	5241
5239	5242
5240	5241
5240	5242
5241	5242
8493	8498
3207	5775
4403	4398
4403	4399
4403	4400
4403	4401
4403	4402
4403	4404
4403	4405
4403	4406
4403	4407
4403	4408
3212	8136
8495	8499
3228	3233
3229	3233
3229	3234
3230	3233
3230	3234
3230	3235
3231	3234
3231	3236
3232	3235
3232	3237
3233	3234
3233	3235
3233	3236
3233	3237
3233	3238
3234	3235
3234	3236
3234	3237
3234	3238
3234	3239
3235	3236
3235	3237
3235	3238
3235	3239
3235	3240
3236	3237
3236	3238
3236	3239
3236	3240
3236	3241
3237	3238
3237	3239
3237	3240
3237	3241
3237	3242
3238	3239
3238	3240
3238	3241
3238	3242
3238	3243
3238	1417
3239	3240
3239	3241
3239	3242
3239	3243
3239	3244
3240	3241
3240	3242
3240	3243
3240	3244
3241	3242
3241	3243
3241	3245
3241	3246
3241	8087
3242	3243
3242	3244
3242	3245
3242	3246
3242	3247
3243	3244
3243	3245
3243	3246
3243	3247
3243	3248
3244	3245
3244	3246
3244	3247
3244	3248
3244	3249
3245	1506
3245	3246
3245	3247
3245	3249
3245	3250
3246	3247
3246	3248
3246	3249
3246	3250
3246	3251
3247	3249
3247	3250
3247	3251
3247	3252
3248	3249
3248	3250
3248	3251
3248	3252
3248	3253
3249	3250
3249	3251
3249	3252
3249	3253
3249	3254
3250	3251
3250	3252
3250	3253
3250	3254
3251	3252
3251	3253
3251	3254
3252	3253
3252	3254
3253	3254
3254	1865
6200	8112
4405	4400
4405	4401
4405	4402
4405	4404
4405	4406
4405	4407
4405	4408
4405	4409
4405	4410
8497	8499
8497	8502
3572	9586
4406	4401
4406	4402
4406	4404
4406	4407
4406	4408
4406	4409
4406	4410
5353	8158
7407	5796
8089	8085
8089	8086
8089	8087
8089	8088
8089	8090
8089	8091
8089	8092
8089	8093
8089	8094
738	5807
4407	4402
4407	4404
4407	4408
4407	4410
5384	8104
1070	9629
4408	4404
4408	4409
4408	4410
5411	8184
9094	8098
5022	8155
8095	8096
8095	8098
8095	8099
8095	8100
8095	8090
8095	8092
8095	8093
8095	8094
8072	8076
8083	8078
8083	8079
8083	8080
8083	8081
8083	8082
8083	8084
8083	8085
8083	8086
8083	8087
8083	8088
4409	4404
4409	4410
5773	5768
5773	5769
5773	5770
5773	5771
5773	5772
5773	5774
5773	5775
5773	5776
5773	5777
5773	5778
5773	6666
3394	3398
3395	3396
3395	3398
3396	3397
3396	3398
3396	3399
3396	3400
3396	3401
3397	3398
3397	3399
3397	3400
3397	3401
3397	3402
3398	3399
3398	3401
3398	3402
3398	3403
3399	3400
3399	3401
3399	3402
3399	3403
3399	3404
3400	3401
3400	3402
3400	3403
3400	3404
3400	3405
3401	3402
3401	3403
3401	3404
3401	3405
3401	3406
3402	3403
3402	3404
3402	3405
3402	3406
3402	3407
3403	3404
3403	3405
3403	3406
3403	3407
3403	3408
3404	3405
3404	3406
3404	3407
3404	3408
3404	3409
3405	3407
3405	3408
3405	3409
3405	3410
3406	3407
3406	3409
3406	3410
3406	3411
3407	3408
3407	3409
3407	3410
3407	3411
3408	3409
3408	3410
3408	3411
3408	3413
3409	5804
3409	3411
3409	3413
3410	3411
3410	3412
3410	3414
3411	3414
3411	3416
1367	5752
1380	5736
7746	8145
9577	9581
9578	9582
9579	9583
9581	9582
9581	9583
9581	9584
9581	9585
9581	9586
9582	9583
9582	9584
9582	9587
9583	9584
9583	9585
9583	9586
9583	9587
9583	9588
9584	9585
9584	9586
9584	9587
9584	9588
9584	9589
9585	9586
9585	9587
9585	9588
9585	9589
9585	9590
9586	9587
9586	9588
9586	9589
9586	9590
9586	9591
9587	9588
9587	9589
9587	9590
9587	9591
9587	9592
9588	9589
9588	9590
9588	9592
9588	9593
9588	1822
9589	9590
9589	9591
9589	9592
9589	9594
9590	9591
9590	9592
9590	9593
9590	9594
9590	9595
9591	8914
9591	9592
9591	9594
9591	9595
9591	9596
9592	9593
9592	9594
9592	9595
9592	9596
9592	9597
9593	9594
9593	9595
9593	9596
9593	9597
9593	9598
9594	9595
9594	9596
9594	9597
9594	9598
9594	9599
9595	9600
9595	9596
9595	9597
9595	9598
9595	9599
9596	9600
9596	9601
9596	9597
9596	9598
9596	9599
9597	9600
9597	9601
9597	9602
9597	9598
9597	9599
9598	9600
9598	9601
9598	9602
9598	9603
9598	9599
9599	9600
9599	9601
9599	9602
9599	9603
9599	9604
9599	941
9600	9601
9600	9602
9600	9603
9600	9604
9600	9605
9601	9602
9601	9603
9601	9604
9601	9605
9601	9606
9602	9603
9602	9604
9602	9605
9602	9606
9602	9607
9603	9604
9603	9605
9603	9606
9603	9607
9603	9608
9604	9605
9604	9606
9604	9607
9604	9608
9604	9609
9605	9606
9605	9607
9605	9608
9605	9609
9605	9610
9606	9607
9606	9608
9606	9609
9606	9610
9606	9611
9607	9608
9607	9609
9607	9610
9607	9611
9607	9612
9608	9609
9608	9610
9608	9611
9608	9612
9608	9613
9609	9610
9609	9611
9609	9612
9609	9613
9609	9614
9610	9611
9610	9612
9610	9613
9610	9614
9610	9615
9611	9612
9611	9613
9611	9614
9611	9615
9611	9616
9612	9613
9612	9614
9612	9615
9612	9616
9612	9617
9613	9614
9613	9615
9613	9616
9613	9617
9613	9618
9614	9615
9614	9616
9614	9617
9614	9618
9614	9619
9615	9616
9615	9617
9615	9618
9615	9619
9615	9620
9615	8508
9616	9617
9616	9618
9616	9619
9616	9620
9616	9621
9617	9618
9617	9619
9617	9620
9617	9621
9617	9622
9618	9619
9618	9620
9618	9621
9618	9622
9618	9623
9619	9620
9619	9621
9619	9622
9619	9623
9619	9624
9620	9622
9620	9623
9620	9624
9620	9625
9621	9622
9621	9623
9621	9624
9621	9625
9621	9626
9622	9623
9622	9624
9622	9625
9622	9626
9622	9627
9623	9624
9623	9625
9623	9626
9623	9627
9623	9628
9624	9625
9624	9626
9624	9627
9624	9628
9624	9629
9625	9626
9625	9627
9625	9628
9625	9629
9626	9627
9626	9628
9626	9629
9626	9630
9626	9631
9627	9632
9627	9628
9627	9629
9627	9630
9627	9631
9628	9632
9628	9633
9628	9629
9628	9630
9628	9631
9629	9632
9629	9633
9629	9634
9629	9630
9629	9631
9630	9632
9630	9633
9630	9634
9630	9635
9630	9631
9631	9632
9631	9633
9631	9634
9631	9635
9631	9636
9632	9633
9632	9634
9632	9635
9632	9636
9632	9637
9633	9634
9633	9635
9633	9636
9633	9637
9633	9638
9634	9635
9634	9636
9634	9637
9634	9638
9634	9639
9635	9636
9635	9637
9635	9638
9635	9639
9635	9640
9636	9637
9636	9638
9636	9639
9636	9640
9636	9641
9636	4045
9637	9638
9637	9639
9637	9640
9637	9641
9638	9639
9638	9640
9638	9641
9638	9642
9638	9643
9639	9640
9639	9641
9639	9642
9639	9644
9639	7666
9640	9641
9640	9642
9640	9643
9640	9644
9640	9645
9641	9643
9641	9644
9641	9645
9641	9646
9642	9643
9642	9644
9642	9645
9642	9646
9642	9647
9643	9644
9643	9645
9643	9646
9643	9647
9643	9648
9644	9645
9644	9646
9644	9647
9644	9648
9644	9649
9645	9646
9645	9647
9645	9648
9645	9649
9645	9650
9646	9647
9646	9648
9646	9649
9646	9650
9646	9651
9647	9648
9647	9649
9647	9650
9647	9651
9647	9652
9648	9649
9648	9650
9648	9651
9648	9652
9648	9653
9649	9650
9649	9651
9649	9652
9649	9653
9649	9654
9650	9651
9650	9652
9650	5045
9650	9654
9650	9655
9651	9652
9651	9653
9651	9654
9651	9655
9651	9656
9652	9653
9652	9654
9652	9655
9652	9656
9652	9657
9653	9654
9653	9655
9653	9656
9653	9657
9653	9658
9654	9655
9654	9656
9654	9657
9654	9658
9654	9659
9655	9656
9655	9657
9655	9658
9655	9659
9655	9660
9656	9657
9656	9658
9656	9659
9656	9660
9656	9661
9657	9658
9657	9659
9657	9660
9657	9661
9657	9662
9658	9659
9658	9660
9658	9661
9658	9662
9658	9663
9659	9664
9659	8100
9659	9660
9659	9662
9659	9663
9660	9664
9660	9661
9660	9662
9660	9663
9661	9664
9661	9662
9661	9663
9662	9664
9662	9663
9663	9664
9663	9668
9664	9667
9664	9669
9664	8088
7073	8111
8182	8177
8182	8178
8182	8180
8182	8181
8182	8183
8182	8184
8182	8185
8182	8186
8182	8187
8125	1577
8125	8130
8125	8120
8125	8121
8125	8122
8125	8123
8125	8124
8125	8126
8125	8127
7869	9134
8101	8096
8101	8097
8101	8098
8101	8099
8101	8100
8101	8102
8101	8103
8101	8104
8101	8105
8101	8106
3664	8177
5713	5708
5713	5709
5713	5710
5713	5711
5713	5712
5713	5714
5713	5715
5713	5716
5713	5717
5713	5718
1523	5726
5779	5774
5779	5775
5779	5777
5779	5778
5779	5780
5779	5781
5779	5782
5779	5783
5625	8131
8107	8102
8107	8103
8107	8104
8107	8105
8107	8106
8107	8108
8107	8109
8107	8110
8107	8111
8107	8112
2097	1677
5719	5714
5719	5715
5719	5716
5719	5717
5719	5718
5719	5720
5719	5721
5719	5722
5719	5723
5719	5724
5793	5795
5793	5796
5793	5788
5793	5789
5793	5790
5793	5791
9134	9135
9134	9136
9134	9137
9134	9138
9135	9136
9135	9137
9135	9138
9135	9139
9135	9140
4402	4397
4402	4398
4402	4399
4402	4400
4402	4401
4402	4404
1565	5738
9136	9137
9136	9138
9136	9139
9137	9138
9137	9139
9137	9140
9137	9142
1689	1684
1689	1685
1689	1687
1689	1688
1689	1690
1689	1691
1689	1692
1689	1693
9138	9139
9138	9140
9138	9142
9138	9143
5725	5729
5725	4012
5725	9139
5725	5720
5725	5721
5725	5722
5725	5723
5725	5724
5725	5726
5725	5727
9139	9140
9139	9143
9140	9142
9140	9143
2997	3000
2997	3001
2997	3002
3650	1722
8305	8511
8494	8498
8494	8499
5706	5711
9143	9148
5708	5712
5708	5711
5709	5712
5709	5714
5709	5711
5710	5712
5710	5715
5710	5711
5711	5712
5711	5714
5711	5715
5711	5716
5712	5714
5712	5715
5712	5716
5712	5717
3000	3001
3000	3002
3000	3003
3000	3005
5714	5715
5714	5716
5714	5717
5714	5718
5715	5716
5715	5717
5715	5718
5715	5720
5716	5717
5716	5718
5716	5720
5716	5721
5717	5718
5717	5720
5717	5721
5717	5722
5718	5720
5718	5721
5718	5722
5718	5723
3001	3002
3001	3003
3001	3005
3001	3006
5720	5721
5720	5722
5720	5723
5720	5724
5721	5722
5721	5723
5721	5724
5721	5726
5722	5723
5722	5726
5722	5727
5723	5728
5723	5724
5723	5726
5723	5727
5724	5728
5724	5729
5724	5726
5724	5727
3002	3003
3002	3005
3002	3006
3002	3007
5726	5728
5726	5729
5726	5727
5727	5728
5727	5729
5727	5730
5727	5732
5728	5730
5728	5732
5729	5730
5729	5732
5729	5733
5729	5734
5730	3968
5730	5732
5730	5734
3003	3008
3003	3005
3003	3006
3003	3007
5732	5733
5732	5734
5732	5735
5732	5736
5732	5737
5733	5735
5733	5736
5733	5737
5733	5738
5733	1357
5734	5735
5734	5736
5734	5737
5734	5738
5734	5739
5735	5736
5735	5737
5735	5738
5735	5739
5735	5740
5736	5737
5736	5738
5736	5739
5736	5740
5736	5741
5738	5737
5738	5739
5738	5741
5738	5742
5738	5743
5739	5737
5739	5740
5739	5741
5739	5742
5739	5743
5739	5744
5740	5737
5740	5741
5740	5742
5740	5743
5740	5744
5740	5745
5741	5737
5741	5743
5741	5744
5741	5745
5741	5746
5742	5737
5742	5743
5742	5744
5742	5745
5742	5746
3005	3008
3005	3009
3005	3010
3005	3006
3005	3007
5744	5743
5744	5745
5744	5746
5744	5747
5744	5748
5744	5749
5745	5743
5745	5746
5745	5747
5745	5748
5745	5749
5745	5750
5746	5743
5746	5747
5746	5748
5746	5749
5746	5750
5746	5751
5747	5743
5747	5748
5747	5749
5747	5750
5747	5751
5747	5752
5748	5743
5748	5749
5748	5750
5748	5751
5748	5752
5748	5753
3006	3008
3006	3009
3006	3010
3006	3011
3006	3007
5750	5749
5750	5751
5750	5752
5750	5753
5750	5754
5750	5755
5752	5749
5752	5751
5752	5753
5752	5754
5752	5755
5752	5756
5752	5757
5753	5751
5753	5754
5753	5755
5753	5756
5753	5758
5754	2033
5754	5749
5754	5751
5754	5755
5754	5756
5754	5758
5754	5759
3007	3008
3007	3009
3007	3010
3007	3011
3007	3012
5756	5760
5756	5761
5756	5751
5756	5757
5756	5758
5756	5759
5757	5760
5757	5761
5757	5762
5757	5755
5757	5758
5757	5759
5758	5760
5758	5761
5758	5762
5758	5763
5758	5755
5758	5759
5759	5760
5759	5761
5759	5762
5759	5764
5759	5755
5760	5761
5760	5762
5760	5763
5760	5764
5760	5765
5760	5755
3008	3009
3008	3010
3008	3011
3008	3012
5762	5761
5762	5763
5762	5764
5762	5765
5762	5766
5762	5767
5763	5761
5763	5764
5763	5765
5763	5766
5763	5767
5763	5768
5764	5761
5764	5765
5764	5766
5764	5767
5764	5768
5765	5761
5765	5766
5765	5767
5765	5768
5765	5769
5765	5770
5766	5761
5766	5767
5766	5768
5766	5769
5766	5770
5766	5771
3009	3010
3009	3011
3009	3012
3009	3013
3009	3014
5768	5767
5768	5769
5768	5770
5768	5771
5768	5772
5769	5767
5769	5770
5769	5771
5769	5772
5770	5767
5770	5771
5770	5772
5770	5774
5770	3708
5771	5767
5771	5772
5771	5774
5771	5776
5772	5767
5772	5774
5772	5775
5772	5776
5772	5777
3010	3011
3010	3012
3010	3013
3010	3014
1678	1673
1678	1674
1678	1675
1678	1677
1678	1679
1678	1680
1678	1681
1678	1682
1678	1683
1679	1674
1679	1675
1679	1676
1679	1680
1679	1681
1679	1682
1679	1684
1680	1676
1680	1677
1680	1682
1680	1683
1680	1685
1681	1676
1681	1677
1681	1682
1681	1683
1681	1684
1681	1685
1681	1686
1682	1677
1682	1683
1682	1684
1682	1685
1682	1686
1682	1687
3011	3012
3011	3013
3011	3014
1684	1683
1684	1685
1684	1686
1684	1687
1684	1688
1685	1686
1685	1687
1685	1688
1685	1690
1686	1683
1686	1687
1686	1688
1686	1690
1686	1691
1687	1683
1687	1688
1687	1690
1687	1691
1687	1692
1688	1683
1688	1690
1688	1691
1688	1692
1688	1693
3012	3014
1690	1691
1690	1692
1690	1693
1690	1694
1690	1695
1692	1696
1692	1697
1692	1691
1692	1693
1692	1694
1692	1695
1693	1696
1693	1697
1693	1698
1693	1691
1693	1694
1693	1695
1694	1696
1694	1697
1694	1698
1694	1699
1694	1691
1694	1695
3013	3014
1696	1697
1696	1698
1696	1699
1696	1700
1696	1701
1696	1691
1696	1695
1697	1698
1697	1699
1697	1700
1697	1701
1697	1702
1697	1695
1698	1699
1698	1700
1698	1701
1698	1702
1698	1703
1698	1695
1699	1700
1699	1701
1699	1702
1699	1703
1699	1704
1699	1695
1700	1701
1700	1702
1700	1703
1700	1704
1700	1705
1700	1695
1702	1701
1702	1703
1702	1704
1702	1705
1702	1706
1703	1701
1703	1704
1703	1705
1703	1706
1704	1701
1704	1705
1704	1706
1705	1701
1705	1706
1706	1701
5803	5804
5803	5805
5803	5806
5803	5807
5803	5808
5804	5805
5804	5806
5804	5807
5804	5808
5804	5809
5805	5806
5805	5807
5805	5808
5805	5809
5805	5810
5806	5807
5806	5808
5806	5809
5806	5810
5807	5808
5807	5809
5808	5809
5808	5810
5809	5810
1715	1716
1715	1717
1715	1718
1715	1719
1715	1720
1716	1717
1716	1718
1716	1719
1716	1720
1716	1721
1717	1718
1717	1719
1717	1720
1717	1721
1717	1722
1718	1719
1718	1720
1718	1721
1718	1722
1718	1723
1719	1720
1719	1721
1719	1722
1719	1723
1719	1724
1720	1721
1720	1722
1720	1723
1720	1724
1720	1725
1721	1722
1721	1723
1721	1724
1721	1725
1721	1726
1722	1723
1722	1724
1722	1726
1723	1724
1723	1725
1723	1726
1724	1725
1724	1726
1725	1726
5749	5751
5786	5781
5786	5782
5786	5783
5786	5787
5786	5788
5786	5789
5786	5790
5751	5755
8113	8108
8113	8109
8113	8110
8113	8111
8113	8112
8113	8114
8113	8115
8113	8116
8113	8118
7895	8184
1695	1691
5787	5782
5787	5783
5787	5788
5787	5789
5787	5790
5787	5791
2342	2347
2343	2348
2344	2347
2344	2348
2345	2347
2345	2348
2346	2348
8149	9386
8149	8144
8149	8145
8149	8146
8149	8147
8149	8148
8149	8150
8149	8152
8149	8153
8149	8154
5788	5783
5788	5789
5788	5790
5788	5791
2347	2348
4397	4398
4397	4399
4397	4400
4397	4401
4398	4399
4398	4400
4398	8091
9744	8158
4399	4401
4399	4404
6880	8158
5789	5790
5789	5791
4400	4401
4400	4404
8498	8499
8498	8500
8498	8502
8498	8503
1672	1677
8499	8500
8499	8502
8499	8503
8499	8504
1845	8509
1673	1677
8500	8502
8500	8503
8500	8504
8500	8505
3898	8121
8159	8160
8159	8161
8159	8162
8159	8164
8159	8154
8159	8156
8159	8157
8159	8158
5790	5795
5790	5791
1675	1677
8502	8503
8502	8504
8502	8505
8502	8506
8502	8507
1676	1677
1866	8169
8503	8504
8503	8505
8503	8506
8503	8507
8503	8508
8504	8505
8504	8506
8504	8507
8504	8508
8504	8509
5774	5775
5774	5776
5774	5777
5774	5778
8505	8506
8505	8507
8505	8508
8505	8509
8505	8510
5775	5776
5775	5778
5775	5780
5791	5795
5791	5796
8506	8507
8506	8508
8506	8509
8506	8510
8506	8511
2021	1683
5776	5777
5776	5778
5776	5780
5776	5781
5776	8510
8507	8512
8507	8508
8507	8509
8507	8510
8507	8511
5777	5778
5777	5780
5777	5781
5777	5782
8508	8512
8508	8509
8508	8510
8508	8511
5018	8140
5778	5780
5778	5781
5778	5782
5778	5783
8509	8512
8509	8513
8509	8514
8509	8510
8509	8511
8510	8512
8510	8513
8510	8514
8510	8515
8510	8511
5780	5781
5780	5783
8511	8512
8511	8514
8511	8515
8511	8516
5781	5782
5781	5783
8512	8513
8512	8514
8512	8515
8512	8516
8512	8517
5782	5783
8513	8514
8513	8515
8513	8516
8513	8517
8513	8518
8073	8078
8074	8076
8074	8078
8076	8078
8076	8079
8076	8080
8076	8081
8514	8515
8514	8516
8514	8517
8514	8518
8514	8519
8078	8079
8078	8080
8078	8081
8078	8082
8079	8080
8079	8081
8079	8082
8079	8084
8080	8081
8080	8082
8080	8084
8080	8085
8081	8082
8081	8084
8081	8085
8081	8086
8082	8084
8082	8085
8082	8086
8082	8087
8515	8516
8515	8517
8515	8518
8515	8519
8515	8520
8084	8085
8084	8086
8084	8087
8084	8088
8085	8086
8085	8087
8085	8088
8085	8090
8086	8087
8086	8088
8086	8090
8086	8091
8087	8088
8087	8090
8087	8091
8087	8092
8088	8090
8088	8091
8088	8092
8088	8093
8516	8517
8516	8518
8516	8519
8516	8520
8090	8091
8090	8092
8090	8093
8090	8094
8091	8096
8091	8092
8091	8093
8091	8094
8092	8096
8092	8097
8092	8093
8092	8094
8093	8096
8093	8097
8093	8098
8093	8094
8094	8097
8094	8098
8094	8099
8517	8518
8517	8519
8517	8520
8517	8521
8517	8522
8096	8098
8096	8099
8096	8100
8097	8098
8097	8099
8097	8100
8097	8102
8098	8099
8098	8100
8098	8102
8098	8103
8099	8100
8099	8102
8099	8103
8099	8104
8100	8102
8100	8103
8100	8104
8100	8105
8518	8519
8518	8520
8518	8521
8518	8522
8102	8103
8102	8104
8102	8106
8103	8104
8103	8105
8103	8106
8103	8108
8104	8105
8104	8106
8104	8108
8104	8109
8105	8106
8105	8108
8105	8109
8105	8110
8106	8108
8106	8109
8106	8110
8106	8111
8519	8520
8519	8521
8519	8522
8108	8109
8108	8110
8108	8111
8108	8112
8109	8110
8109	8111
8109	8112
8109	8114
8110	8111
8110	8112
8110	8114
8110	8115
8111	8112
8111	8114
8111	8115
8112	8114
8112	8115
8112	8116
8112	8117
8520	8521
8520	8522
8114	8115
8114	8116
8114	8117
8114	8118
8115	8116
8115	8117
8115	8118
8115	8120
8116	8117
8116	8118
8116	8120
8116	8121
8117	8118
8117	8120
8117	8121
8117	8122
8118	8120
8118	8121
8118	8122
8118	8123
8521	8522
8120	8121
8120	8122
8120	8124
8121	8122
8121	8123
8121	8124
8121	8126
8122	8123
8122	8124
8122	8126
8122	8127
8123	8128
8123	8124
8123	8126
8123	8127
8124	8126
8124	8127
8126	8128
8126	8129
8126	8130
8126	8131
8126	8127
8127	8128
8127	8129
8127	8130
8127	8131
8127	8132
8128	8129
8128	8130
8128	8131
8128	8132
8128	8133
8129	8130
8129	8131
8129	8132
8129	8133
8129	8134
8130	8131
8130	8132
8130	8133
8130	8134
8130	8135
8131	8132
8131	8133
8131	8134
8131	8135
8131	8136
8132	8133
8132	8134
8132	8135
8132	8136
8132	8137
8133	8134
8133	8135
8133	8136
8133	8137
8133	8138
8134	8135
8134	8136
8134	8137
8134	8138
8134	8139
8135	8136
8135	8137
8135	8138
8135	8139
8135	8140
8136	8137
8136	8138
8136	8140
8136	8141
8137	8138
8137	8139
8137	8140
8137	8141
8137	8142
8138	8139
8138	8140
8138	8141
8138	8142
8138	8143
8139	8141
8139	8142
8139	8143
8139	8144
8140	8141
8140	8142
8140	8143
8140	8144
8140	8145
8141	8142
8141	8143
8141	8144
8141	8145
8141	8146
8142	8143
8142	8144
8142	8145
8142	8146
8142	8147
8143	8144
8143	8145
8143	8146
8143	8147
8143	8148
8144	8145
8144	8146
8144	8147
8144	8148
8145	8146
8145	8147
8146	8147
8146	8148
8146	8150
8146	8151
8147	8148
8147	8150
8147	8151
8147	8152
8148	8150
8148	8151
8148	8152
8148	8153
5795	5796
8150	8151
8150	8152
8150	8153
8150	8154
8150	8155
8151	8152
8151	8153
8151	8154
8151	8155
8151	8156
8152	8153
8152	8154
8152	8155
8152	8156
8152	8157
8153	8154
8153	8155
8153	8156
8153	8157
8153	8158
8154	8155
8154	8156
8154	8157
8154	8158
8155	8156
8155	8157
8155	8158
8156	8160
8156	8161
8156	8157
8156	8158
8157	8160
8157	8161
8157	8162
8157	8158
8158	8162
8158	8163
8160	8161
8160	8162
8160	8163
8160	8164
8160	8165
8161	8162
8161	8163
8161	8164
8161	8165
8161	8166
8162	8163
8162	8164
8162	8165
8162	8166
8162	8167
8163	8164
8163	8165
8163	8166
8163	8167
8163	8168
8164	8165
8164	8166
8164	8167
8164	8168
8164	8169
8165	8166
8165	8167
8165	8168
8165	8169
8165	8170
8166	8167
8166	8168
8166	8169
8166	8170
8166	8171
8167	8168
8167	8169
8167	8170
8167	8171
8167	8172
8168	8169
8168	8170
8168	8172
8168	8173
8169	8170
8169	8171
8169	8172
8169	8173
8169	8174
8170	8171
8170	8172
8170	8173
8170	8174
8170	8175
8171	8172
8171	8173
8171	8174
8171	8175
8171	8176
8172	8173
8172	8175
8172	8176
8172	8174
8173	8174
8173	8175
8173	8176
8173	8177
8173	8178
8174	8175
8174	8176
8174	8177
8174	8178
8175	8176
8175	8177
8175	8178
8175	8180
8176	8177
8176	8178
8176	8180
8176	8181
8177	8178
8177	8180
8177	8181
8178	8180
8178	8181
8178	8183
8180	8181
8180	8183
8180	8184
8180	8185
8181	8183
8181	8184
8181	8185
8181	8186
8183	8184
8183	8185
8183	8186
8183	8187
8183	8188
8184	8186
8184	8187
8184	8188
8184	8189
8185	8186
8185	8187
8185	8188
8185	8189
8186	8187
8186	8188
8186	8189
8186	8190
8186	8191
8187	8188
8187	8189
8187	8190
8187	8191
8188	8189
8188	8190
8188	8191
8189	8190
8189	8191
8190	8191
