2006
2005
2005
2006
2006
2005
2006
2007
2006
2006
2007
2006
2008
2005
2005
2005
2006
2005
2006
2006
2007
2004
2005
2007
2004
2006
2006
2006
2003
2006
2006
2006
2004
2006
2007
2004
2007
2006
2005
2005
2003
2006
2008
2005
2005
2007
2004
2007
2007
2007
2006
2006
2007
2005
2001
2006
2006
2006
2007
2007
2008
2007
2004
2007
2007
2006
2002
2006
2005
2003
2004
2007
2006
2007
2007
2007
2005
2007
2006
2007
2007
2007
2006
2007
2007
2007
2007
2007
2007
2007
2007
2007
2006
2007
2007
2008
2005
2006
2006
2004
2007
2007
2004
2007
2007
2006
2006
2006
2006
2006
2007
2006
2006
2006
2005
2005
2004
2005
2007
2007
2008
2007
2008
2008
2007
2005
2005
2004
2006
2005
1979
2006
2007
2005
2006
2006
2007
2006
2006
2007
2007
2005
2007
2007
2003
2006
2007
2007
2006
2007
2007
2007
2006
2007
2007
2007
2007
2007
2007
2006
2008
2007
1976
2006
2006
2005
2005
2005
2006
2006
2007
2007
2006
2007
2007
2006
2005
2007
2005
2007
2004
2007
2006
2006
2008
2007
2008
2008
2007
2008
2006
2005
2006
2006
2002
2007
2004
2005
2006
2005
2004
2007
2007
2007
2007
2006
2008
2005
2005
2006
2005
2006
2007
2006
2006
2006
2006
2007
2007
2006
2006
2008
2007
2007
2006
2004
2007
2006
2008
2007
2006
2008
2008
2005
2007
2004
2006
2005
2006
2008
2008
2007
2006
2008
2008
2004
2005
2005
2006
2003
2008
2006
2007
2008
2004
2006
2008
2007
2006
2007
2004
2005
2006
2007
2006
2006
2005
2005
2008
2007
2005
2008
2008
2008
2005
2004
2005
2006
2008
2007
2008
2008
2008
2008
2008
2008
2008
2008
2008
2008
2008
2008
2007
2008
2008
2008
2008
2007
2008
2008
2008
2008
2008
2008
2007
2006
2008
2008
2008
2008
2008
2008
2008
2008
2008
2008
2008
2007
2008
2008
2008
2008
2008
2008
2008
2008
2008
2008
2008
2006
2008
2008
2008
2008
2008
2008
2008
2008
2008
2008
2008
2008
2007
2007
2007
2008
2008
2008
2008
2008
2008
2007
2008
2004
2006
2008
2008
2006
2008
2007
2006
2007
2008
2008
2007
2007
2008
2005
2006
2008
2005
2007
2008
2008
2008
2005
2005
2005
2005
2005
2008
2008
2008
2008
2008
2005
2008
2008
2007
2005
2008
2007
2006
2008
2008
2007
2008
2008
2006
2005
2007
2005
2005
2006
2006
2006
2006
2006
2008
2008
2008
2008
2008
2005
2005
2004
2008
2008
2007
2006
2008
2005
2007
2006
2008
2008
2005
2007
2008
2006
2008
2006
2006
2008
2005
2004
2008
2008
2010
2006
2009
2008
2007
2004
2006
2008
2006
2005
2008
2007
2008
2007
2006
2006
2005
2006
2005
2008
2004
2005
2006
2006
2007
2005
2008
2008
2008
2008
2006
2006
2006
2006
2005
2005
2005
2008
2007
2006
2004
2008
2003
2008
2006
2006
2008
2008
2005
2007
2008
2007
2006
2006
2006
2007
2005
2006
2007
2008
2009
2008
2008
2007
2008
2003
2004
2006
2006
2008
2008
2008
2008
2005
2008
2007
2008
2008
2006
2008
2008
2006
2008
2005
2006
2007
2008
2005
2008
2007
2005
2002
2006
2006
2007
2007
2008
2006
2004
2004
2007
2008
2004
2008
2004
2007
2008
2008
2005
2006
2008
2005
2007
2005
1968
2001
2005
2006
2006
2005
2005
2007
2008
2004
2006
2005
2003
2006
2008
2009
2006
2008
2005
2004
2003
2005
2005
2008
2005
2005
2002
2007
2003
2006
2008
2008
2008
2007
2006
2007
2006
2008
2005
2005
2007
2005
2005
2008
2004
2005
2005
1996
2006
2008
2005
2008
2004
2005
2007
2003
2008
2005
2007
2007
2004
2008
2004
2005
2004
2004
2001
2006
2006
2008
2005
2005
2006
2005
2002
2008
2007
2005
2005
2005
2005
2007
2005
2005
2006
2008
2006
2008
2009
2006
2007
2008
2006
2008
2007
2007
2007
2005
2007
2003
2008
2007
2008
2005
2006
2006
2006
2005
2005
2004
2007
1993
2010
2007
2004
2009
2007
2006
2006
2006
2006
2006
2009
2007
2006
2005
2008
2008
2006
1999
2004
2005
2005
2006
2009
2008
2008
2008
2006
2006
2002
2007
2002
2008
2007
2008
2004
2007
2007
2006
2006
2005
2006
2009
2005
2007
2008
1984
2008
2006
2006
2007
2009
2009
2004
2009
2006
2005
2009
2009
2005
2006
2009
2002
2009
2009
2007
2009
2006
2006
2005
2009
2005
2007
2008
2009
2008
2004
2009
2008
2008
2009
2008
2009
2009
2007
2009
2009
2006
2006
2006
2006
2004
2006
2006
2007
2008
2007
2006
2006
2009
2005
2007
2006
2009
2009
2006
