5.000000000000000000e-01 1.000000000000000000e+00
5.000000000000000000e-01 1.000000000000000000e+00
6.382175361648327883e-01 1.000000000000000000e+00
6.382175361648327883e-01 1.000000000000000000e+00
4.886051313988858946e-01 1.000000000000000000e+00
3.869132148912662883e-01 1.000000000000000000e+00
3.869132148912662883e-01 1.000000000000000000e+00
3.869132148912662883e-01 1.000000000000000000e+00
3.869132148912662883e-01 1.000000000000000000e+00
3.869132148912662883e-01 1.000000000000000000e+00
3.869132148912662883e-01 1.000000000000000000e+00
7.406379489276633254e-01 1.000000000000000000e+00
7.481860782052686121e-01 1.000000000000000000e+00
7.481860782052686121e-01 1.000000000000000000e+00
7.481860782052686121e-01 1.000000000000000000e+00
6.438579463325937446e-01 1.000000000000000000e+00
6.438579463325937446e-01 1.000000000000000000e+00
7.527946365920423766e-02 1.000000000000000000e+00
7.527946365920423766e-02 1.000000000000000000e+00
7.527946365920423766e-02 1.000000000000000000e+00
7.527946365920423766e-02 1.000000000000000000e+00
7.527946365920423766e-02 1.000000000000000000e+00
7.527946365920423766e-02 1.000000000000000000e+00
7.527946365920423766e-02 1.000000000000000000e+00
7.527946365920423766e-02 1.000000000000000000e+00
7.527946365920423766e-02 1.000000000000000000e+00
7.527946365920423766e-02 1.000000000000000000e+00
7.527946365920423766e-02 1.000000000000000000e+00
7.527946365920423766e-02 1.000000000000000000e+00
7.527946365920423766e-02 1.000000000000000000e+00
7.527946365920423766e-02 1.000000000000000000e+00
7.527946365920423766e-02 1.000000000000000000e+00
7.527946365920423766e-02 1.000000000000000000e+00
7.527946365920423766e-02 1.000000000000000000e+00
7.527946365920423766e-02 1.000000000000000000e+00
7.527946365920423766e-02 1.000000000000000000e+00
1.413009541572545213e-01 1.000000000000000000e+00
1.413009541572545213e-01 1.000000000000000000e+00
1.413009541572545213e-01 1.000000000000000000e+00
1.413009541572545213e-01 1.000000000000000000e+00
1.413009541572545213e-01 1.000000000000000000e+00
1.413009541572545213e-01 1.000000000000000000e+00
3.096109330665838266e-01 1.000000000000000000e+00
7.735955422898551648e-01 1.000000000000000000e+00
7.735955422898551648e-01 1.000000000000000000e+00
5.413095864073667052e-01 1.000000000000000000e+00
5.413095864073667052e-01 1.000000000000000000e+00
5.413095864073667052e-01 1.000000000000000000e+00
4.421706906002059734e-01 1.000000000000000000e+00
4.421706906002059734e-01 1.000000000000000000e+00
3.478867544551613733e-01 1.000000000000000000e+00
3.478867544551613733e-01 1.000000000000000000e+00
3.464356244502515003e-01 1.000000000000000000e+00
3.464356244502515003e-01 1.000000000000000000e+00
3.514798320983757995e-01 1.000000000000000000e+00
3.079379573375074508e-01 1.000000000000000000e+00
2.826060335080478603e-01 1.000000000000000000e+00
2.477869898254506376e-01 1.000000000000000000e+00
4.125350995696261958e-01 1.000000000000000000e+00
3.858151877895291681e-01 1.000000000000000000e+00
3.858151877895291681e-01 1.000000000000000000e+00
3.936009010192924040e-01 1.000000000000000000e+00
3.936009010192924040e-01 1.000000000000000000e+00
3.710495966277777558e-01 1.000000000000000000e+00
3.710495966277777558e-01 1.000000000000000000e+00
3.710495966277777558e-01 1.000000000000000000e+00
7.952699107392063871e-01 1.000000000000000000e+00
7.952699107392063871e-01 1.000000000000000000e+00
8.083382402771707165e-01 1.000000000000000000e+00
7.510479115348092094e-01 1.000000000000000000e+00
7.510479115348092094e-01 1.000000000000000000e+00
7.344910838912316331e-01 1.000000000000000000e+00
6.524880513351630773e-01 1.000000000000000000e+00
6.524880513351630773e-01 1.000000000000000000e+00
6.524880513351630773e-01 1.000000000000000000e+00
6.524880513351630773e-01 1.000000000000000000e+00
6.524880513351630773e-01 1.000000000000000000e+00
6.524880513351630773e-01 1.000000000000000000e+00
6.572811096313299073e-01 1.000000000000000000e+00
6.819185205207537459e-01 1.000000000000000000e+00
6.819185205207537459e-01 1.000000000000000000e+00
5.314778745900059498e-01 1.000000000000000000e+00
6.413263297188595002e-01 1.000000000000000000e+00
6.413256356161576299e-01 1.000000000000000000e+00
5.673519154317469004e-01 1.000000000000000000e+00
5.673519154317469004e-01 1.000000000000000000e+00
7.064247574689725973e-01 1.000000000000000000e+00
7.064247574689725973e-01 1.000000000000000000e+00
7.064247574689725973e-01 1.000000000000000000e+00
7.064247574689725973e-01 1.000000000000000000e+00
7.064247574689725973e-01 1.000000000000000000e+00
7.548471600979481666e-01 1.000000000000000000e+00
7.548471600979481666e-01 1.000000000000000000e+00
8.025635163912953063e-01 1.000000000000000000e+00
8.025635163912953063e-01 1.000000000000000000e+00
8.025635163912953063e-01 1.000000000000000000e+00
8.025635163912953063e-01 1.000000000000000000e+00
8.025635163912953063e-01 1.000000000000000000e+00
8.025635163912953063e-01 1.000000000000000000e+00
8.025635163912953063e-01 1.000000000000000000e+00
8.025635163912953063e-01 1.000000000000000000e+00
8.025635163912953063e-01 1.000000000000000000e+00
7.531033492544899621e-01 1.000000000000000000e+00
7.531033492544899621e-01 1.000000000000000000e+00
7.531033492544899621e-01 1.000000000000000000e+00
7.531033492544899621e-01 1.000000000000000000e+00
7.531033492544899621e-01 1.000000000000000000e+00
7.531033492544899621e-01 1.000000000000000000e+00
7.531033492544899621e-01 1.000000000000000000e+00
7.531033492544899621e-01 1.000000000000000000e+00
7.531033492544899621e-01 1.000000000000000000e+00
7.531033492544899621e-01 1.000000000000000000e+00
7.309637783762845675e-01 1.000000000000000000e+00
7.309637783762845675e-01 1.000000000000000000e+00
7.309637783762845675e-01 1.000000000000000000e+00
2.129313193740735022e-01 1.000000000000000000e+00
2.129313193740735022e-01 1.000000000000000000e+00
2.129313193740735022e-01 1.000000000000000000e+00
2.129313193740735022e-01 1.000000000000000000e+00
2.129313193740735022e-01 1.000000000000000000e+00
1.658400287468721146e+00 1.000000000000000000e+00
2.760081915772442107e-01 1.000000000000000000e+00
2.760081915772442107e-01 1.000000000000000000e+00
2.760081915772442107e-01 1.000000000000000000e+00
2.760081915772442107e-01 1.000000000000000000e+00
1.736756355357345072e+00 1.000000000000000000e+00
1.736756355357345072e+00 1.000000000000000000e+00
1.496880839614393333e+00 1.000000000000000000e+00
4.677358901358138477e-01 1.000000000000000000e+00
4.677358901358138477e-01 1.000000000000000000e+00
4.677358901358138477e-01 1.000000000000000000e+00
4.677358901358138477e-01 1.000000000000000000e+00
4.677358901358138477e-01 1.000000000000000000e+00
4.677358901358138477e-01 1.000000000000000000e+00
4.677358901358138477e-01 1.000000000000000000e+00
4.677358901358138477e-01 1.000000000000000000e+00
4.677358901358138477e-01 1.000000000000000000e+00
4.677358901358138477e-01 1.000000000000000000e+00
4.677358901358138477e-01 1.000000000000000000e+00
4.677358901358138477e-01 1.000000000000000000e+00
4.677358901358138477e-01 1.000000000000000000e+00
4.677358901358138477e-01 1.000000000000000000e+00
4.677358901358138477e-01 1.000000000000000000e+00
4.677358901358138477e-01 1.000000000000000000e+00
4.677358901358138477e-01 1.000000000000000000e+00
4.677358901358138477e-01 1.000000000000000000e+00
4.677358901358138477e-01 1.000000000000000000e+00
4.677358901358138477e-01 1.000000000000000000e+00
4.677358901358138477e-01 1.000000000000000000e+00
4.677358901358138477e-01 1.000000000000000000e+00
4.677358901358138477e-01 1.000000000000000000e+00
4.677358901358138477e-01 1.000000000000000000e+00
4.677358901358138477e-01 1.000000000000000000e+00
4.677358901358138477e-01 1.000000000000000000e+00
8.597660550956967018e-01 1.000000000000000000e+00
4.095244317181023219e-01 1.000000000000000000e+00
6.743641400844524458e-01 1.000000000000000000e+00
6.743641400844524458e-01 1.000000000000000000e+00
6.743641400844524458e-01 1.000000000000000000e+00
6.743641400844524458e-01 1.000000000000000000e+00
6.743641400844524458e-01 1.000000000000000000e+00
6.743641400844524458e-01 1.000000000000000000e+00
1.189331687177248353e+00 1.000000000000000000e+00
1.189331687177248353e+00 1.000000000000000000e+00
1.285985054914416947e+00 1.000000000000000000e+00
1.456851313511756452e+00 1.000000000000000000e+00
1.500238960913134578e+00 1.000000000000000000e+00
1.500238960913134578e+00 1.000000000000000000e+00
1.718557165348030935e+00 1.000000000000000000e+00
1.718557165348030935e+00 1.000000000000000000e+00
1.690111247110163362e+00 1.000000000000000000e+00
8.491671314781470414e-01 1.000000000000000000e+00
9.831503925400355559e-01 1.000000000000000000e+00
1.557832527082319896e+00 1.000000000000000000e+00
8.853252752660610847e-01 1.000000000000000000e+00
4.979382182931354484e-01 1.000000000000000000e+00
4.979382182931354484e-01 1.000000000000000000e+00
4.979382182931354484e-01 1.000000000000000000e+00
1.896626995340680910e+00 1.000000000000000000e+00
6.466804932943559514e-01 1.000000000000000000e+00
6.466804932943559514e-01 1.000000000000000000e+00
6.466804932943559514e-01 1.000000000000000000e+00
1.866196372853584418e+00 1.000000000000000000e+00
1.866196372853584418e+00 1.000000000000000000e+00
1.866196372853584418e+00 1.000000000000000000e+00
1.763862942213846763e+00 1.000000000000000000e+00
1.763862942213846763e+00 1.000000000000000000e+00
1.763862942213846763e+00 1.000000000000000000e+00
1.763862942213846763e+00 1.000000000000000000e+00
1.763862942213846763e+00 1.000000000000000000e+00
1.974276555192859828e-01 1.000000000000000000e+00
1.974276555192859828e-01 1.000000000000000000e+00
1.974276555192859828e-01 1.000000000000000000e+00
1.974276555192859828e-01 1.000000000000000000e+00
1.755011688586046947e+00 1.000000000000000000e+00
1.755011688586046947e+00 1.000000000000000000e+00
1.698307691398199593e+00 1.000000000000000000e+00
1.698307691398199593e+00 1.000000000000000000e+00
2.789420523391716866e-01 1.000000000000000000e+00
4.565703650441162997e-01 1.000000000000000000e+00
4.565703650441162997e-01 1.000000000000000000e+00
4.565703650441162997e-01 1.000000000000000000e+00
4.565703650441162997e-01 1.000000000000000000e+00
4.565703650441162997e-01 1.000000000000000000e+00
4.565703650441162997e-01 1.000000000000000000e+00
8.322573533944561675e-01 1.000000000000000000e+00
8.322573533944561675e-01 1.000000000000000000e+00
8.322573533944561675e-01 1.000000000000000000e+00
8.047389980703695267e-01 1.000000000000000000e+00
8.047389980703695267e-01 1.000000000000000000e+00
8.047389980703695267e-01 1.000000000000000000e+00
8.047389980703695267e-01 1.000000000000000000e+00
8.047389980703695267e-01 1.000000000000000000e+00
8.047389980703695267e-01 1.000000000000000000e+00
8.047389980703695267e-01 1.000000000000000000e+00
8.047389980703695267e-01 1.000000000000000000e+00
7.903043533335162296e-01 1.000000000000000000e+00
7.903043533335162296e-01 1.000000000000000000e+00
7.903043533335162296e-01 1.000000000000000000e+00
7.903043533335162296e-01 1.000000000000000000e+00
7.903043533335162296e-01 1.000000000000000000e+00
4.671454651175805384e-01 1.000000000000000000e+00
4.671454651175805384e-01 1.000000000000000000e+00
4.414832837962148759e-01 1.000000000000000000e+00
4.414832837962148759e-01 1.000000000000000000e+00
4.414832837962148759e-01 1.000000000000000000e+00
4.414832837962148759e-01 1.000000000000000000e+00
4.414832837962148759e-01 1.000000000000000000e+00
4.414832837962148759e-01 1.000000000000000000e+00
4.414832837962148759e-01 1.000000000000000000e+00
4.414832837962148759e-01 1.000000000000000000e+00
4.414832837962148759e-01 1.000000000000000000e+00
1.859330622156328605e+00 1.000000000000000000e+00
3.870271487833454316e-01 1.000000000000000000e+00
3.870271487833454316e-01 1.000000000000000000e+00
3.870271487833454316e-01 1.000000000000000000e+00
7.085953752537912376e-01 1.000000000000000000e+00
1.513991422746139959e+00 1.000000000000000000e+00
7.525563658890728203e-01 1.000000000000000000e+00
7.525563658890728203e-01 1.000000000000000000e+00
7.525563658890728203e-01 1.000000000000000000e+00
7.525563658890728203e-01 1.000000000000000000e+00
1.130241709885986712e+00 1.000000000000000000e+00
1.849976983009482545e+00 1.000000000000000000e+00
1.056899176117522599e+00 1.000000000000000000e+00
1.056899176117522599e+00 1.000000000000000000e+00
7.910944014398174629e-02 1.000000000000000000e+00
2.981975985821559982e-01 1.000000000000000000e+00
2.981975985821559982e-01 1.000000000000000000e+00
2.981975985821559982e-01 1.000000000000000000e+00
3.645737837888414212e-01 1.000000000000000000e+00
3.645737837888414212e-01 1.000000000000000000e+00
3.645737837888414212e-01 1.000000000000000000e+00
7.564328579808800301e-02 1.000000000000000000e+00
1.081931153845887561e-01 1.000000000000000000e+00
1.081931153845887561e-01 1.000000000000000000e+00
2.764213614142631004e-01 1.000000000000000000e+00
2.764213614142631004e-01 1.000000000000000000e+00
2.764213614142631004e-01 1.000000000000000000e+00
3.630281288954613217e-01 1.000000000000000000e+00
4.764028488605642764e-02 1.000000000000000000e+00
4.764028488605642764e-02 1.000000000000000000e+00
1.088693586491080445e-01 1.000000000000000000e+00
1.088693586491080445e-01 1.000000000000000000e+00
4.259158512029450616e-01 1.000000000000000000e+00
1.025684263210621949e-01 1.000000000000000000e+00
4.314594635647138188e-01 1.000000000000000000e+00
6.031688969566104119e-02 1.000000000000000000e+00
5.033277929561141839e-01 1.000000000000000000e+00
5.033277929561141839e-01 1.000000000000000000e+00
5.033277929561141839e-01 1.000000000000000000e+00
1.024995011482519036e+00 1.000000000000000000e+00
1.024995011482519036e+00 1.000000000000000000e+00
1.024995011482519036e+00 1.000000000000000000e+00
1.024995011482519036e+00 1.000000000000000000e+00
1.024995011482519036e+00 1.000000000000000000e+00
1.765421377012500237e+00 1.000000000000000000e+00
1.765421377012500237e+00 1.000000000000000000e+00
1.765421377012500237e+00 1.000000000000000000e+00
1.765421377012500237e+00 1.000000000000000000e+00
1.765421377012500237e+00 1.000000000000000000e+00
1.765421377012500237e+00 1.000000000000000000e+00
1.765421377012500237e+00 1.000000000000000000e+00
1.765421377012500237e+00 1.000000000000000000e+00
1.765421377012500237e+00 1.000000000000000000e+00
1.391268153835142130e+00 1.000000000000000000e+00
9.592992707072185432e-01 1.000000000000000000e+00
9.592992707072185432e-01 1.000000000000000000e+00
9.592992707072185432e-01 1.000000000000000000e+00
1.710802669495044448e+00 1.000000000000000000e+00
1.710802669495044448e+00 1.000000000000000000e+00
1.710802669495044448e+00 1.000000000000000000e+00
1.710802669495044448e+00 1.000000000000000000e+00
1.710802669495044448e+00 1.000000000000000000e+00
1.710802669495044448e+00 1.000000000000000000e+00
9.859128793296405568e-01 1.000000000000000000e+00
6.988732900004637205e-01 1.000000000000000000e+00
6.988732900004637205e-01 1.000000000000000000e+00
6.988732900004637205e-01 1.000000000000000000e+00
6.988732900004637205e-01 1.000000000000000000e+00
6.988732900004637205e-01 1.000000000000000000e+00
6.988732900004637205e-01 1.000000000000000000e+00
6.988732900004637205e-01 1.000000000000000000e+00
6.988732900004637205e-01 1.000000000000000000e+00
6.988732900004637205e-01 1.000000000000000000e+00
5.995824912829433861e-01 1.000000000000000000e+00
5.995824912829433861e-01 1.000000000000000000e+00
5.995824912829433861e-01 1.000000000000000000e+00
8.465082377811183889e-03 1.000000000000000000e+00
3.201873549731412694e-01 1.000000000000000000e+00
3.201873549731412694e-01 1.000000000000000000e+00
1.880910865993696834e+00 1.000000000000000000e+00
1.880910865993696834e+00 1.000000000000000000e+00
1.880910865993696834e+00 1.000000000000000000e+00
1.880910865993696834e+00 1.000000000000000000e+00
1.880910865993696834e+00 1.000000000000000000e+00
1.816484944007591196e+00 1.000000000000000000e+00
1.816484944007591196e+00 1.000000000000000000e+00
1.816484944007591196e+00 1.000000000000000000e+00
8.092837322223508378e-01 1.000000000000000000e+00
8.092837322223508378e-01 1.000000000000000000e+00
6.630009171302790882e-01 1.000000000000000000e+00
6.630009171302790882e-01 1.000000000000000000e+00
6.630009171302790882e-01 1.000000000000000000e+00
6.630009171302790882e-01 1.000000000000000000e+00
6.630009171302790882e-01 1.000000000000000000e+00
6.630009171302790882e-01 1.000000000000000000e+00
1.340574586608345165e+00 1.000000000000000000e+00
1.340574586608345165e+00 1.000000000000000000e+00
1.340574586608345165e+00 1.000000000000000000e+00
1.340574586608345165e+00 1.000000000000000000e+00
1.340574586608345165e+00 1.000000000000000000e+00
1.340574586608345165e+00 1.000000000000000000e+00
1.340574586608345165e+00 1.000000000000000000e+00
1.340574586608345165e+00 1.000000000000000000e+00
1.340574586608345165e+00 1.000000000000000000e+00
1.340574586608345165e+00 1.000000000000000000e+00
1.739877505315368555e+00 1.000000000000000000e+00
1.739877505315368555e+00 1.000000000000000000e+00
1.739877505315368555e+00 1.000000000000000000e+00
1.739877505315368555e+00 1.000000000000000000e+00
1.739877505315368555e+00 1.000000000000000000e+00
1.739877505315368555e+00 1.000000000000000000e+00
1.739877505315368555e+00 1.000000000000000000e+00
1.739877505315368555e+00 1.000000000000000000e+00
1.739877505315368555e+00 1.000000000000000000e+00
1.739877505315368555e+00 1.000000000000000000e+00
1.699528614974699314e+00 1.000000000000000000e+00
1.037839376491048737e-01 1.000000000000000000e+00
1.037839376491048737e-01 1.000000000000000000e+00
1.037839376491048737e-01 1.000000000000000000e+00
1.037839376491048737e-01 1.000000000000000000e+00
1.037839376491048737e-01 1.000000000000000000e+00
1.037839376491048737e-01 1.000000000000000000e+00
1.037839376491048737e-01 1.000000000000000000e+00
1.037839376491048737e-01 1.000000000000000000e+00
1.037839376491048737e-01 1.000000000000000000e+00
1.037839376491048737e-01 1.000000000000000000e+00
1.037839376491048737e-01 1.000000000000000000e+00
1.037839376491048737e-01 1.000000000000000000e+00
1.738324894071747062e+00 1.000000000000000000e+00
1.738324894071747062e+00 1.000000000000000000e+00
1.738324894071747062e+00 1.000000000000000000e+00
1.738324894071747062e+00 1.000000000000000000e+00
1.868180615318631999e+00 1.000000000000000000e+00
1.868180615318631999e+00 1.000000000000000000e+00
1.868180615318631999e+00 1.000000000000000000e+00
1.868180615318631999e+00 1.000000000000000000e+00
1.868180615318631999e+00 1.000000000000000000e+00
1.868180615318631999e+00 1.000000000000000000e+00
1.868180615318631999e+00 1.000000000000000000e+00
1.868180615318631999e+00 1.000000000000000000e+00
1.868180615318631999e+00 1.000000000000000000e+00
1.868180615318631999e+00 1.000000000000000000e+00
1.868180615318631999e+00 1.000000000000000000e+00
1.868180615318631999e+00 1.000000000000000000e+00
1.868180615318631999e+00 1.000000000000000000e+00
1.868180615318631999e+00 1.000000000000000000e+00
1.868180615318631999e+00 1.000000000000000000e+00
1.868180615318631999e+00 1.000000000000000000e+00
1.868180615318631999e+00 1.000000000000000000e+00
1.868180615318631999e+00 1.000000000000000000e+00
1.868180615318631999e+00 1.000000000000000000e+00
1.868180615318631999e+00 1.000000000000000000e+00
1.868180615318631999e+00 1.000000000000000000e+00
1.868180615318631999e+00 1.000000000000000000e+00
1.868180615318631999e+00 1.000000000000000000e+00
1.868180615318631999e+00 1.000000000000000000e+00
1.868180615318631999e+00 1.000000000000000000e+00
1.868180615318631999e+00 1.000000000000000000e+00
1.868180615318631999e+00 1.000000000000000000e+00
1.868180615318631999e+00 1.000000000000000000e+00
1.868180615318631999e+00 1.000000000000000000e+00
1.479874718628414243e+00 1.000000000000000000e+00
1.528001302445112897e+00 1.000000000000000000e+00
1.163358089835529796e+00 1.000000000000000000e+00
6.691451379146896583e-01 1.000000000000000000e+00
6.691451379146896583e-01 1.000000000000000000e+00
6.691451379146896583e-01 1.000000000000000000e+00
6.691451379146896583e-01 1.000000000000000000e+00
6.691451379146896583e-01 1.000000000000000000e+00
7.810722793035705935e-01 1.000000000000000000e+00
1.244664796937315909e+00 1.000000000000000000e+00
1.150711674935658513e+00 1.000000000000000000e+00
1.150711674935658513e+00 1.000000000000000000e+00
1.150711674935658513e+00 1.000000000000000000e+00
1.150711674935658513e+00 1.000000000000000000e+00
1.150711674935658513e+00 1.000000000000000000e+00
1.150711674935658513e+00 1.000000000000000000e+00
1.150711674935658513e+00 1.000000000000000000e+00
1.150711674935658513e+00 1.000000000000000000e+00
1.351725891449893746e+00 1.000000000000000000e+00
1.619872114931510287e+00 1.000000000000000000e+00
1.619872114931510287e+00 1.000000000000000000e+00
1.355444467124944374e+00 1.000000000000000000e+00
1.694659520373912986e+00 1.000000000000000000e+00
1.632143573577418350e+00 1.000000000000000000e+00
1.385356514116603099e+00 1.000000000000000000e+00
1.605980313647928259e+00 1.000000000000000000e+00
1.605980313647928259e+00 1.000000000000000000e+00
1.605980313647928259e+00 1.000000000000000000e+00
1.605980313647928259e+00 1.000000000000000000e+00
1.605980313647928259e+00 1.000000000000000000e+00
1.557927767022784238e+00 1.000000000000000000e+00
1.557927767022784238e+00 1.000000000000000000e+00
1.557927767022784238e+00 1.000000000000000000e+00
1.415102239225798142e+00 1.000000000000000000e+00
1.415102239225798142e+00 1.000000000000000000e+00
1.415102239225798142e+00 1.000000000000000000e+00
1.415102239225798142e+00 1.000000000000000000e+00
1.415102239225798142e+00 1.000000000000000000e+00
1.262880089854178323e+00 1.000000000000000000e+00
1.262880089854178323e+00 1.000000000000000000e+00
1.262880089854178323e+00 1.000000000000000000e+00
1.174893029061202743e+00 1.000000000000000000e+00
1.143501464928254219e+00 1.000000000000000000e+00
1.186682015496178577e+00 1.000000000000000000e+00
1.251416702822251814e+00 1.000000000000000000e+00
1.251416702822251814e+00 1.000000000000000000e+00
1.251416702822251814e+00 1.000000000000000000e+00
1.165014058421555365e+00 1.000000000000000000e+00
1.165014058421555365e+00 1.000000000000000000e+00
1.165014058421555365e+00 1.000000000000000000e+00
1.200686695376638635e+00 1.000000000000000000e+00
1.316483499414266234e+00 1.000000000000000000e+00
8.348026031660343849e-01 1.000000000000000000e+00
4.894019090869539679e-01 1.000000000000000000e+00
4.894019090869539679e-01 1.000000000000000000e+00
4.894019090869539679e-01 1.000000000000000000e+00
1.857655818874289988e+00 1.000000000000000000e+00
1.857655818874289988e+00 1.000000000000000000e+00
1.857655818874289988e+00 1.000000000000000000e+00
1.857655818874289988e+00 1.000000000000000000e+00
1.857655818874289988e+00 1.000000000000000000e+00
1.311698104791149788e+00 1.000000000000000000e+00
1.311698104791149788e+00 1.000000000000000000e+00
1.147089584890692127e+00 1.000000000000000000e+00
1.161868231998963719e+00 1.000000000000000000e+00
1.074836211663171781e+00 1.000000000000000000e+00
1.074836211663171781e+00 1.000000000000000000e+00
9.582237022936812565e-01 1.000000000000000000e+00
2.366084712551838609e-01 1.000000000000000000e+00
2.366084712551838609e-01 1.000000000000000000e+00
2.366084712551838609e-01 1.000000000000000000e+00
2.366084712551838609e-01 1.000000000000000000e+00
1.823566347258288034e-01 1.000000000000000000e+00
1.823566347258288034e-01 1.000000000000000000e+00
1.823566347258288034e-01 1.000000000000000000e+00
1.823566347258288034e-01 1.000000000000000000e+00
7.160454710092301056e-01 1.000000000000000000e+00
7.160454710092301056e-01 1.000000000000000000e+00
7.160454710092301056e-01 1.000000000000000000e+00
7.160454710092301056e-01 1.000000000000000000e+00
6.628605952404157398e-01 1.000000000000000000e+00
6.628605952404157398e-01 1.000000000000000000e+00
1.456347508438326610e+00 1.000000000000000000e+00
6.117164426013126377e-01 1.000000000000000000e+00
6.117164426013126377e-01 1.000000000000000000e+00
3.492383659538180751e-01 1.000000000000000000e+00
1.082148539530688458e-01 1.000000000000000000e+00
1.082148539530688458e-01 1.000000000000000000e+00
1.082148539530688458e-01 1.000000000000000000e+00
1.082148539530688458e-01 1.000000000000000000e+00
1.082148539530688458e-01 1.000000000000000000e+00
3.540178049974488372e-01 1.000000000000000000e+00
2.520499621680016844e-02 1.000000000000000000e+00
2.520499621680016844e-02 1.000000000000000000e+00
2.520499621680016844e-02 1.000000000000000000e+00
6.845631429763364695e-01 1.000000000000000000e+00
6.845631429763364695e-01 1.000000000000000000e+00
6.845631429763364695e-01 1.000000000000000000e+00
6.845631429763364695e-01 1.000000000000000000e+00
6.845631429763364695e-01 1.000000000000000000e+00
6.845631429763364695e-01 1.000000000000000000e+00
1.250328128625691093e+00 1.000000000000000000e+00
1.469793063680199019e+00 1.000000000000000000e+00
1.469793063680199019e+00 1.000000000000000000e+00
1.469793063680199019e+00 1.000000000000000000e+00
1.682721039099770444e+00 1.000000000000000000e+00
1.682721039099770444e+00 1.000000000000000000e+00
1.774241070257675190e+00 1.000000000000000000e+00
1.774241070257675190e+00 1.000000000000000000e+00
1.774241070257675190e+00 1.000000000000000000e+00
8.947977556437238800e-01 1.000000000000000000e+00
8.947977556437238800e-01 1.000000000000000000e+00
8.947977556437238800e-01 1.000000000000000000e+00
5.382446992077112302e-01 1.000000000000000000e+00
5.382446992077112302e-01 1.000000000000000000e+00
5.382446992077112302e-01 1.000000000000000000e+00
5.382446992077112302e-01 1.000000000000000000e+00
9.268596267324724636e-01 1.000000000000000000e+00
9.268596267324724636e-01 1.000000000000000000e+00
7.897100346989667230e-01 1.000000000000000000e+00
1.148795709790078501e+00 1.000000000000000000e+00
1.628860016579976477e+00 1.000000000000000000e+00
1.044417924385176111e+00 1.000000000000000000e+00
1.044417924385176111e+00 1.000000000000000000e+00
1.044417924385176111e+00 1.000000000000000000e+00
1.044417924385176111e+00 1.000000000000000000e+00
7.202578299801492001e-01 1.000000000000000000e+00
7.202578299801492001e-01 1.000000000000000000e+00
6.764999947730280239e-01 1.000000000000000000e+00
1.071216020991838658e+00 1.000000000000000000e+00
1.420674691905518205e+00 1.000000000000000000e+00
1.420674691905518205e+00 1.000000000000000000e+00
1.552377445030377112e+00 1.000000000000000000e+00
1.552377445030377112e+00 1.000000000000000000e+00
1.552377445030377112e+00 1.000000000000000000e+00
1.552377445030377112e+00 1.000000000000000000e+00
1.552377445030377112e+00 1.000000000000000000e+00
1.552377445030377112e+00 1.000000000000000000e+00
3.669346945216145350e-02 1.000000000000000000e+00
2.842968788873517089e-02 1.000000000000000000e+00
2.842968788873517089e-02 1.000000000000000000e+00
2.842968788873517089e-02 1.000000000000000000e+00
2.842968788873517089e-02 1.000000000000000000e+00
2.842968788873517089e-02 1.000000000000000000e+00
1.945360417680998877e+00 1.000000000000000000e+00
1.945360417680998877e+00 1.000000000000000000e+00
1.945360417680998877e+00 1.000000000000000000e+00
1.945360417680998877e+00 1.000000000000000000e+00
1.293269414332764766e+00 1.000000000000000000e+00
1.914473418247919501e-01 1.000000000000000000e+00
1.914473418247919501e-01 1.000000000000000000e+00
6.764371451260768886e-01 1.000000000000000000e+00
6.764371451260768886e-01 1.000000000000000000e+00
6.683983847788222965e-01 1.000000000000000000e+00
6.683983847788222965e-01 1.000000000000000000e+00
6.683983847788222965e-01 1.000000000000000000e+00
6.695400224730945204e-01 1.000000000000000000e+00
7.787892884897299473e-01 1.000000000000000000e+00
2.610324284854093624e-01 1.000000000000000000e+00
2.610324284854093624e-01 1.000000000000000000e+00
2.610324284854093624e-01 1.000000000000000000e+00
2.610324284854093624e-01 1.000000000000000000e+00
2.610324284854093624e-01 1.000000000000000000e+00
2.894201636657615651e-01 1.000000000000000000e+00
2.894201636657615651e-01 1.000000000000000000e+00
1.609971269319183385e-01 1.000000000000000000e+00
2.878790247370118238e-01 1.000000000000000000e+00
2.878790247370118238e-01 1.000000000000000000e+00
2.878790247370118238e-01 1.000000000000000000e+00
3.392549840748177448e-01 1.000000000000000000e+00
3.392549840748177448e-01 1.000000000000000000e+00
3.392549840748177448e-01 1.000000000000000000e+00
2.184458750705197128e-01 1.000000000000000000e+00
2.184458750705197128e-01 1.000000000000000000e+00
2.184458750705197128e-01 1.000000000000000000e+00
2.184458750705197128e-01 1.000000000000000000e+00
1.595518656380325584e-01 1.000000000000000000e+00
1.595518656380325584e-01 1.000000000000000000e+00
2.468949406988180106e-01 1.000000000000000000e+00
2.468949406988180106e-01 1.000000000000000000e+00
2.468949406988180106e-01 1.000000000000000000e+00
2.468949406988180106e-01 1.000000000000000000e+00
3.870469117592100217e-01 1.000000000000000000e+00
3.567908880103106695e-01 1.000000000000000000e+00
2.826647987367330028e-01 1.000000000000000000e+00
3.585612136205046374e-01 1.000000000000000000e+00
3.585612136205046374e-01 1.000000000000000000e+00
3.468848245853828338e-01 1.000000000000000000e+00
3.468848245853828338e-01 1.000000000000000000e+00
3.691467234934209807e-01 1.000000000000000000e+00
3.642626703553307754e-01 1.000000000000000000e+00
3.642626703553307754e-01 1.000000000000000000e+00
3.642626703553307754e-01 1.000000000000000000e+00
3.642626703553307754e-01 1.000000000000000000e+00
3.642626703553307754e-01 1.000000000000000000e+00
4.362671955148258451e-01 1.000000000000000000e+00
3.659613133547853780e-01 1.000000000000000000e+00
3.659613133547853780e-01 1.000000000000000000e+00
4.402391171590799290e-01 1.000000000000000000e+00
4.402391171590799290e-01 1.000000000000000000e+00
4.402391171590799290e-01 1.000000000000000000e+00
4.402391171590799290e-01 1.000000000000000000e+00
4.402391171590799290e-01 1.000000000000000000e+00
4.402391171590799290e-01 1.000000000000000000e+00
4.321060175944640425e-01 1.000000000000000000e+00
4.026605658885075156e-01 1.000000000000000000e+00
4.165718941567245759e-01 1.000000000000000000e+00
4.165718941567245759e-01 1.000000000000000000e+00
4.104495805028414157e-01 1.000000000000000000e+00
3.967896506543326929e-01 1.000000000000000000e+00
4.088655919313191611e-01 1.000000000000000000e+00
4.096024845248548707e-01 1.000000000000000000e+00
4.096024845248548707e-01 1.000000000000000000e+00
4.591108587692635523e-01 1.000000000000000000e+00
4.591108587692635523e-01 1.000000000000000000e+00
4.528422701656568683e-01 1.000000000000000000e+00
4.528422701656568683e-01 1.000000000000000000e+00
4.463019312480530632e-01 1.000000000000000000e+00
4.520181516203195526e-01 1.000000000000000000e+00
4.534219640317016520e-01 1.000000000000000000e+00
4.573693885168211293e-01 1.000000000000000000e+00
4.400469462201175297e-01 1.000000000000000000e+00
4.410878705484810869e-01 1.000000000000000000e+00
4.410878705484810869e-01 1.000000000000000000e+00
4.434411615623360392e-01 1.000000000000000000e+00
4.434411615623360392e-01 1.000000000000000000e+00
4.700859582684315252e-01 1.000000000000000000e+00
3.614106831933092678e-01 1.000000000000000000e+00
3.614106831933092678e-01 1.000000000000000000e+00
3.614106831933092678e-01 1.000000000000000000e+00
3.614106831933092678e-01 1.000000000000000000e+00
6.620525835992041586e-01 1.000000000000000000e+00
6.620525835992041586e-01 1.000000000000000000e+00
6.620525835992041586e-01 1.000000000000000000e+00
6.620525835992041586e-01 1.000000000000000000e+00
6.620525835992041586e-01 1.000000000000000000e+00
6.620525835992041586e-01 1.000000000000000000e+00
6.620525835992041586e-01 1.000000000000000000e+00
6.620525835992041586e-01 1.000000000000000000e+00
1.531577966550290881e+00 1.000000000000000000e+00
1.531577966550290881e+00 1.000000000000000000e+00
8.386264666877218943e-01 1.000000000000000000e+00
8.386264666877218943e-01 1.000000000000000000e+00
1.898364430627339505e+00 1.000000000000000000e+00
1.898364430627339505e+00 1.000000000000000000e+00
1.505647369603213326e+00 1.000000000000000000e+00
1.505647369603213326e+00 1.000000000000000000e+00
1.121920181353350809e+00 1.000000000000000000e+00
1.121920181353350809e+00 1.000000000000000000e+00
1.121920181353350809e+00 1.000000000000000000e+00
1.191419659436792955e+00 1.000000000000000000e+00
6.071537079810143123e-01 1.000000000000000000e+00
6.071537079810143123e-01 1.000000000000000000e+00
6.071537079810143123e-01 1.000000000000000000e+00
6.071537079810143123e-01 1.000000000000000000e+00
6.071537079810143123e-01 1.000000000000000000e+00
2.447572339115514639e-01 1.000000000000000000e+00
1.876036642444588676e+00 1.000000000000000000e+00
2.256197976328240262e-01 1.000000000000000000e+00
2.256197976328240262e-01 1.000000000000000000e+00
2.256197976328240262e-01 1.000000000000000000e+00
2.256197976328240262e-01 1.000000000000000000e+00
1.649274094372984001e+00 1.000000000000000000e+00
1.649274094372984001e+00 1.000000000000000000e+00
1.649274094372984001e+00 1.000000000000000000e+00
1.649274094372984001e+00 1.000000000000000000e+00
1.083330583592561513e+00 1.000000000000000000e+00
7.633479411720325292e-01 1.000000000000000000e+00
2.511244299964055515e-01 1.000000000000000000e+00
2.511244299964055515e-01 1.000000000000000000e+00
2.511244299964055515e-01 1.000000000000000000e+00
1.459426824394796374e-01 1.000000000000000000e+00
9.063751747350297094e-01 1.000000000000000000e+00
9.063751747350297094e-01 1.000000000000000000e+00
9.063751747350297094e-01 1.000000000000000000e+00
7.091873204093812610e-02 1.000000000000000000e+00
8.869439976806571257e-01 1.000000000000000000e+00
8.869439976806571257e-01 1.000000000000000000e+00
8.869439976806571257e-01 1.000000000000000000e+00
1.187525173357668162e+00 1.000000000000000000e+00
1.761023223285859141e+00 1.000000000000000000e+00
1.761023223285859141e+00 1.000000000000000000e+00
1.761023223285859141e+00 1.000000000000000000e+00
1.761023223285859141e+00 1.000000000000000000e+00
1.761023223285859141e+00 1.000000000000000000e+00
1.761023223285859141e+00 1.000000000000000000e+00
1.761023223285859141e+00 1.000000000000000000e+00
1.761023223285859141e+00 1.000000000000000000e+00
1.761023223285859141e+00 1.000000000000000000e+00
1.761023223285859141e+00 1.000000000000000000e+00
1.761023223285859141e+00 1.000000000000000000e+00
7.545372442575093430e-01 1.000000000000000000e+00
7.545372442575093430e-01 1.000000000000000000e+00
7.545372442575093430e-01 1.000000000000000000e+00
7.545372442575093430e-01 1.000000000000000000e+00
7.545372442575093430e-01 1.000000000000000000e+00
7.545372442575093430e-01 1.000000000000000000e+00
1.148872056249420570e+00 1.000000000000000000e+00
1.148872056249420570e+00 1.000000000000000000e+00
1.148872056249420570e+00 1.000000000000000000e+00
1.148872056249420570e+00 1.000000000000000000e+00
1.148872056249420570e+00 1.000000000000000000e+00
1.148872056249420570e+00 1.000000000000000000e+00
1.148872056249420570e+00 1.000000000000000000e+00
1.148872056249420570e+00 1.000000000000000000e+00
1.148872056249420570e+00 1.000000000000000000e+00
1.061852972705471743e+00 1.000000000000000000e+00
1.061852972705471743e+00 1.000000000000000000e+00
1.061852972705471743e+00 1.000000000000000000e+00
1.024183022325145354e+00 1.000000000000000000e+00
1.018809335029691399e+00 1.000000000000000000e+00
1.018809335029691399e+00 1.000000000000000000e+00
8.970275779111432923e-01 1.000000000000000000e+00
8.970275779111432923e-01 1.000000000000000000e+00
8.970275779111432923e-01 1.000000000000000000e+00
8.970275779111432923e-01 1.000000000000000000e+00
7.627283313811901166e-01 1.000000000000000000e+00
7.627283313811901166e-01 1.000000000000000000e+00
7.627283313811901166e-01 1.000000000000000000e+00
7.627283313811901166e-01 1.000000000000000000e+00
7.627283313811901166e-01 1.000000000000000000e+00
8.037014254903779298e-01 1.000000000000000000e+00
8.037014254903779298e-01 1.000000000000000000e+00
8.037014254903779298e-01 1.000000000000000000e+00
6.188093262627201163e-01 1.000000000000000000e+00
6.188093262627201163e-01 1.000000000000000000e+00
1.098739407347390395e+00 1.000000000000000000e+00
1.098739407347390395e+00 1.000000000000000000e+00
1.098739407347390395e+00 1.000000000000000000e+00
1.098739407347390395e+00 1.000000000000000000e+00
1.368083304546646950e+00 1.000000000000000000e+00
1.368083304546646950e+00 1.000000000000000000e+00
1.368083304546646950e+00 1.000000000000000000e+00
1.368083304546646950e+00 1.000000000000000000e+00
1.368083304546646950e+00 1.000000000000000000e+00
1.368083304546646950e+00 1.000000000000000000e+00
1.368083304546646950e+00 1.000000000000000000e+00
1.368083304546646950e+00 1.000000000000000000e+00
1.368083304546646950e+00 1.000000000000000000e+00
1.368083304546646950e+00 1.000000000000000000e+00
1.368083304546646950e+00 1.000000000000000000e+00
1.550382743938310215e+00 1.000000000000000000e+00
1.550382743938310215e+00 1.000000000000000000e+00
1.550382743938310215e+00 1.000000000000000000e+00
1.550382743938310215e+00 1.000000000000000000e+00
1.550382743938310215e+00 1.000000000000000000e+00
1.550382743938310215e+00 1.000000000000000000e+00
1.550382743938310215e+00 1.000000000000000000e+00
1.550382743938310215e+00 1.000000000000000000e+00
1.550382743938310215e+00 1.000000000000000000e+00
1.550382743938310215e+00 1.000000000000000000e+00
1.550382743938310215e+00 1.000000000000000000e+00
1.550382743938310215e+00 1.000000000000000000e+00
1.550382743938310215e+00 1.000000000000000000e+00
1.550382743938310215e+00 1.000000000000000000e+00
1.550382743938310215e+00 1.000000000000000000e+00
1.550382743938310215e+00 1.000000000000000000e+00
1.550382743938310215e+00 1.000000000000000000e+00
1.550382743938310215e+00 1.000000000000000000e+00
1.550382743938310215e+00 1.000000000000000000e+00
1.550382743938310215e+00 1.000000000000000000e+00
1.633215450735874041e+00 1.000000000000000000e+00
1.633215450735874041e+00 1.000000000000000000e+00
1.633215450735874041e+00 1.000000000000000000e+00
5.909448954412849231e-01 1.000000000000000000e+00
5.909448954412849231e-01 1.000000000000000000e+00
5.909448954412849231e-01 1.000000000000000000e+00
5.909448954412849231e-01 1.000000000000000000e+00
5.909448954412849231e-01 1.000000000000000000e+00
5.909448954412849231e-01 1.000000000000000000e+00
5.909448954412849231e-01 1.000000000000000000e+00
5.909448954412849231e-01 1.000000000000000000e+00
5.909448954412849231e-01 1.000000000000000000e+00
5.909448954412849231e-01 1.000000000000000000e+00
5.909448954412849231e-01 1.000000000000000000e+00
5.909448954412849231e-01 1.000000000000000000e+00
1.018175629461083975e+00 1.000000000000000000e+00
5.568790602415534252e-01 1.000000000000000000e+00
5.568790602415534252e-01 1.000000000000000000e+00
5.568790602415534252e-01 1.000000000000000000e+00
5.568790602415534252e-01 1.000000000000000000e+00
5.568790602415534252e-01 1.000000000000000000e+00
5.568790602415534252e-01 1.000000000000000000e+00
5.568790602415534252e-01 1.000000000000000000e+00
5.568790602415534252e-01 1.000000000000000000e+00
5.568790602415534252e-01 1.000000000000000000e+00
9.792182450262352233e-01 1.000000000000000000e+00
9.792182450262352233e-01 1.000000000000000000e+00
6.915802684103695697e-01 1.000000000000000000e+00
6.915802684103695697e-01 1.000000000000000000e+00
6.915802684103695697e-01 1.000000000000000000e+00
6.915802684103695697e-01 1.000000000000000000e+00
6.915802684103695697e-01 1.000000000000000000e+00
7.956449148435804641e-01 1.000000000000000000e+00
5.067424223156031804e-01 1.000000000000000000e+00
7.199909562912223393e-01 1.000000000000000000e+00
5.250985625422170955e-01 1.000000000000000000e+00
6.052960947541902170e-01 1.000000000000000000e+00
8.032914381400056980e-01 1.000000000000000000e+00
8.032914381400056980e-01 1.000000000000000000e+00
8.032914381400056980e-01 1.000000000000000000e+00
8.032914381400056980e-01 1.000000000000000000e+00
8.032914381400056980e-01 1.000000000000000000e+00
8.032914381400056980e-01 1.000000000000000000e+00
1.402353629942591162e+00 1.000000000000000000e+00
1.402353629942591162e+00 1.000000000000000000e+00
1.309185454618779110e+00 1.000000000000000000e+00
1.309185454618779110e+00 1.000000000000000000e+00
1.309185454618779110e+00 1.000000000000000000e+00
1.309185454618779110e+00 1.000000000000000000e+00
1.309185454618779110e+00 1.000000000000000000e+00
1.226436123119125199e+00 1.000000000000000000e+00
1.768851063972679105e+00 1.000000000000000000e+00
1.754620573829054120e+00 1.000000000000000000e+00
1.233207480610835072e+00 1.000000000000000000e+00
1.844192376886593543e+00 1.000000000000000000e+00
1.218271570062793963e+00 1.000000000000000000e+00
1.842588175437205322e+00 1.000000000000000000e+00
1.842588175437205322e+00 1.000000000000000000e+00
1.665418153267265833e+00 1.000000000000000000e+00
1.654888964152651853e+00 1.000000000000000000e+00
1.654888964152651853e+00 1.000000000000000000e+00
1.654888964152651853e+00 1.000000000000000000e+00
1.930148091564526602e+00 1.000000000000000000e+00
1.930148091564526602e+00 1.000000000000000000e+00
1.930148091564526602e+00 1.000000000000000000e+00
1.930148091564526602e+00 1.000000000000000000e+00
1.930148091564526602e+00 1.000000000000000000e+00
1.930148091564526602e+00 1.000000000000000000e+00
1.930148091564526602e+00 1.000000000000000000e+00
1.930148091564526602e+00 1.000000000000000000e+00
1.864865028319742324e+00 1.000000000000000000e+00
1.864865028319742324e+00 1.000000000000000000e+00
1.864865028319742324e+00 1.000000000000000000e+00
1.588902981011608651e+00 1.000000000000000000e+00
1.869641485391970281e+00 1.000000000000000000e+00
6.992494621274797373e-01 1.000000000000000000e+00
6.992494621274797373e-01 1.000000000000000000e+00
6.992494621274797373e-01 1.000000000000000000e+00
6.992494621274797373e-01 1.000000000000000000e+00
6.992494621274797373e-01 1.000000000000000000e+00
1.307619353668043605e-02 1.000000000000000000e+00
1.307619353668043605e-02 1.000000000000000000e+00
1.307619353668043605e-02 1.000000000000000000e+00
1.504422256474601538e-01 1.000000000000000000e+00
1.504422256474601538e-01 1.000000000000000000e+00
5.018556929972410596e-02 1.000000000000000000e+00
6.723222445064691577e-01 1.000000000000000000e+00
6.042039844311229979e-01 1.000000000000000000e+00
6.056384193594340770e-01 1.000000000000000000e+00
6.056384193594340770e-01 1.000000000000000000e+00
1.028796220361038127e+00 1.000000000000000000e+00
1.028796220361038127e+00 1.000000000000000000e+00
1.453442475132782130e+00 1.000000000000000000e+00
1.050847382708617328e+00 1.000000000000000000e+00
1.161944739152893202e+00 1.000000000000000000e+00
1.161944739152893202e+00 1.000000000000000000e+00
1.340189099757782998e+00 1.000000000000000000e+00
1.169017552462293219e+00 1.000000000000000000e+00
1.169017552462293219e+00 1.000000000000000000e+00
1.381494553333606046e+00 1.000000000000000000e+00
1.381494553333606046e+00 1.000000000000000000e+00
1.381494553333606046e+00 1.000000000000000000e+00
1.381494553333606046e+00 1.000000000000000000e+00
1.230852676538037427e+00 1.000000000000000000e+00
1.230852676538037427e+00 1.000000000000000000e+00
1.230852676538037427e+00 1.000000000000000000e+00
1.230852676538037427e+00 1.000000000000000000e+00
1.230852676538037427e+00 1.000000000000000000e+00
2.188418020945307463e-01 1.000000000000000000e+00
2.188418020945307463e-01 1.000000000000000000e+00
2.188418020945307463e-01 1.000000000000000000e+00
2.188418020945307463e-01 1.000000000000000000e+00
2.188418020945307463e-01 1.000000000000000000e+00
1.451300606411128902e+00 1.000000000000000000e+00
1.451300606411128902e+00 1.000000000000000000e+00
1.451300606411128902e+00 1.000000000000000000e+00
1.451300606411128902e+00 1.000000000000000000e+00
1.451300606411128902e+00 1.000000000000000000e+00
1.427752506664647703e+00 1.000000000000000000e+00
6.891863267778544078e-01 1.000000000000000000e+00
5.633164932174048456e-01 1.000000000000000000e+00
5.633164932174048456e-01 1.000000000000000000e+00
5.633164932174048456e-01 1.000000000000000000e+00
5.633164932174048456e-01 1.000000000000000000e+00
5.633164932174048456e-01 1.000000000000000000e+00
6.382157124577814145e-01 1.000000000000000000e+00
3.027524424675004378e-02 1.000000000000000000e+00
3.027524424675004378e-02 1.000000000000000000e+00
2.011598620671814219e-01 1.000000000000000000e+00
2.011598620671814219e-01 1.000000000000000000e+00
2.011598620671814219e-01 1.000000000000000000e+00
2.011598620671814219e-01 1.000000000000000000e+00
2.011598620671814219e-01 1.000000000000000000e+00
2.011598620671814219e-01 1.000000000000000000e+00
2.011598620671814219e-01 1.000000000000000000e+00
3.570243440709132687e-01 1.000000000000000000e+00
3.570243440709132687e-01 1.000000000000000000e+00
3.570243440709132687e-01 1.000000000000000000e+00
5.695493554014878779e-01 1.000000000000000000e+00
3.211005158077582244e-01 1.000000000000000000e+00
6.634318130332421681e-01 1.000000000000000000e+00
6.634318130332421681e-01 1.000000000000000000e+00
6.634318130332421681e-01 1.000000000000000000e+00
5.526731448723217754e-01 1.000000000000000000e+00
5.526731448723217754e-01 1.000000000000000000e+00
7.233175987608494450e-01 1.000000000000000000e+00
7.233175987608494450e-01 1.000000000000000000e+00
7.233175987608494450e-01 1.000000000000000000e+00
6.864682307833747110e-01 1.000000000000000000e+00
6.864682307833747110e-01 1.000000000000000000e+00
8.786463036318665765e-01 1.000000000000000000e+00
8.786463036318665765e-01 1.000000000000000000e+00
1.530022813917656599e+00 1.000000000000000000e+00
1.530022813917656599e+00 1.000000000000000000e+00
1.530022813917656599e+00 1.000000000000000000e+00
1.530022813917656599e+00 1.000000000000000000e+00
1.530022813917656599e+00 1.000000000000000000e+00
1.530022813917656599e+00 1.000000000000000000e+00
1.530022813917656599e+00 1.000000000000000000e+00
1.530022813917656599e+00 1.000000000000000000e+00
1.530022813917656599e+00 1.000000000000000000e+00
1.530022813917656599e+00 1.000000000000000000e+00
1.530022813917656599e+00 1.000000000000000000e+00
1.530022813917656599e+00 1.000000000000000000e+00
1.269288243530290794e+00 1.000000000000000000e+00
1.269288243530290794e+00 1.000000000000000000e+00
1.269288243530290794e+00 1.000000000000000000e+00
1.269288243530290794e+00 1.000000000000000000e+00
1.269288243530290794e+00 1.000000000000000000e+00
6.910884806260632063e-01 1.000000000000000000e+00
1.178149279279267825e+00 1.000000000000000000e+00
1.178149279279267825e+00 1.000000000000000000e+00
1.178149279279267825e+00 1.000000000000000000e+00
1.178149279279267825e+00 1.000000000000000000e+00
1.178149279279267825e+00 1.000000000000000000e+00
1.251407388896127237e+00 1.000000000000000000e+00
1.251407388896127237e+00 1.000000000000000000e+00
1.731198013655788515e+00 1.000000000000000000e+00
1.731198013655788515e+00 1.000000000000000000e+00
1.731198013655788515e+00 1.000000000000000000e+00
1.731198013655788515e+00 1.000000000000000000e+00
1.731198013655788515e+00 1.000000000000000000e+00
1.731198013655788515e+00 1.000000000000000000e+00
1.731198013655788515e+00 1.000000000000000000e+00
1.731198013655788515e+00 1.000000000000000000e+00
1.731198013655788515e+00 1.000000000000000000e+00
1.731198013655788515e+00 1.000000000000000000e+00
1.731198013655788515e+00 1.000000000000000000e+00
1.731198013655788515e+00 1.000000000000000000e+00
1.731198013655788515e+00 1.000000000000000000e+00
1.731198013655788515e+00 1.000000000000000000e+00
1.731198013655788515e+00 1.000000000000000000e+00
1.731198013655788515e+00 1.000000000000000000e+00
1.615997243275702377e+00 1.000000000000000000e+00
1.098991738863042134e+00 1.000000000000000000e+00
1.042107145571392168e+00 1.000000000000000000e+00
1.042107145571392168e+00 1.000000000000000000e+00
1.042107145571392168e+00 1.000000000000000000e+00
1.042107145571392168e+00 1.000000000000000000e+00
1.042107145571392168e+00 1.000000000000000000e+00
1.042107145571392168e+00 1.000000000000000000e+00
1.042107145571392168e+00 1.000000000000000000e+00
1.059099502742131049e+00 1.000000000000000000e+00
1.059099502742131049e+00 1.000000000000000000e+00
1.075573497303729642e+00 1.000000000000000000e+00
1.093491710385043447e+00 1.000000000000000000e+00
1.083527752876736860e+00 1.000000000000000000e+00
1.167048004821984231e+00 1.000000000000000000e+00
1.167048004821984231e+00 1.000000000000000000e+00
1.031500513020155774e+00 1.000000000000000000e+00
1.031500513020155774e+00 1.000000000000000000e+00
1.031500513020155774e+00 1.000000000000000000e+00
8.290249105705198573e-01 1.000000000000000000e+00
1.022381017471324594e+00 1.000000000000000000e+00
1.022381017471324594e+00 1.000000000000000000e+00
1.038845414737944672e+00 1.000000000000000000e+00
1.038845414737944672e+00 1.000000000000000000e+00
1.038845414737944672e+00 1.000000000000000000e+00
1.218135693174485557e+00 1.000000000000000000e+00
1.218135693174485557e+00 1.000000000000000000e+00
1.208966683619880467e+00 1.000000000000000000e+00
1.208966683619880467e+00 1.000000000000000000e+00
1.201217229167601097e+00 1.000000000000000000e+00
1.201217229167601097e+00 1.000000000000000000e+00
1.201217229167601097e+00 1.000000000000000000e+00
1.409221451726547780e+00 1.000000000000000000e+00
5.960846525351392033e-01 1.000000000000000000e+00
5.960846525351392033e-01 1.000000000000000000e+00
5.960846525351392033e-01 1.000000000000000000e+00
5.960846525351392033e-01 1.000000000000000000e+00
5.960846525351392033e-01 1.000000000000000000e+00
5.960846525351392033e-01 1.000000000000000000e+00
5.960846525351392033e-01 1.000000000000000000e+00
5.960846525351392033e-01 1.000000000000000000e+00
5.960846525351392033e-01 1.000000000000000000e+00
5.960846525351392033e-01 1.000000000000000000e+00
1.053061161888269481e+00 1.000000000000000000e+00
1.053061161888269481e+00 1.000000000000000000e+00
1.053061161888269481e+00 1.000000000000000000e+00
1.053061161888269481e+00 1.000000000000000000e+00
1.053061161888269481e+00 1.000000000000000000e+00
3.849332181188855895e-01 1.000000000000000000e+00
3.849332181188855895e-01 1.000000000000000000e+00
3.849332181188855895e-01 1.000000000000000000e+00
3.849332181188855895e-01 1.000000000000000000e+00
3.849332181188855895e-01 1.000000000000000000e+00
3.849332181188855895e-01 1.000000000000000000e+00
