1 10
2 261
2 480
4 218
6 310
6 324
8 86
14 179
17 368
18 140
18 188
18 305
19 292
20 473
21 250
22 301
26 46
26 346
26 359
27 88
28 241
28 311
31 89
31 114
31 436
31 468
36 130
36 254
37 295
39 354
41 76
41 227
41 329
42 184
42 284
42 377
43 74
44 287
46 289
46 346
48 466
49 61
50 442
51 125
51 392
53 279
53 397
54 373
55 272
56 186
57 99
57 447
58 420
60 66
62 171
63 181
63 260
63 381
65 430
67 337
67 487
69 299
70 136
70 143
70 388
72 296
73 334
76 227
76 329
77 494
80 493
81 387
82 314
83 122
85 115
85 159
85 243
85 340
85 450
89 436
91 116
91 318
92 452
94 110
97 387
98 185
98 294
98 308
98 489
100 224
101 291
101 418
101 496
102 237
105 404
106 298
108 344
109 474
110 167
112 423
113 464
114 436
114 468
115 159
115 243
115 340
116 165
120 380
120 444
120 470
121 165
121 255
123 281
124 128
126 343
126 444
130 254
131 429
132 181
132 277
132 408
134 422
135 312
138 336
139 345
140 188
140 305
141 345
141 392
143 388
144 240
145 263
145 341
147 197
147 441
148 457
150 312
150 369
152 475
153 385
154 333
155 265
155 449
155 484
157 336
159 243
159 340
161 225
161 245
162 249
162 256
162 282
163 434
163 495
164 251
166 177
169 459
169 490
170 207
170 376
172 178
173 417
175 213
179 326
181 260
181 277
182 289
182 438
184 284
184 377
185 203
185 294
185 308
188 305
190 266
190 414
192 351
192 478
194 323
197 210
197 441
198 286
199 221
199 258
203 294
203 308
204 491
205 352
209 233
210 441
212 259
212 280
216 231
216 497
217 413
225 245
226 249
226 282
226 395
227 329
230 278
231 497
235 370
237 389
241 311
243 340
244 302
244 399
249 282
250 402
251 426
252 306
255 300
255 482
257 274
258 315
259 280
260 381
262 483
263 341
265 449
265 484
266 414
269 354
271 276
271 334
274 365
276 334
277 408
279 397
282 395
283 497
284 377
289 346
289 438
291 418
291 496
294 308
294 489
300 482
302 399
302 404
303 378
308 489
310 324
312 369
313 328
316 364
317 366
321 400
335 446
340 450
343 380
343 444
351 478
355 459
366 419
372 471
373 483
378 406
379 473
380 444
380 470
394 486
397 473
417 454
418 496
434 495
436 468
437 447
449 484
456 485
479 480