141,244,325,476,
450,660,735,949,

583,640,
279,
224,382,481,765,
190,197,460,491,558,664,690,698,733,
271,285,293,366,532,654,960,
270,722,861,
43,151,851,
38,114,171,372,881,
307,
41,174,190,296,698,699,821,
83,446,647,835,
39,95,124,356,463,468,504,593,707,826,
146,258,419,525,550,
271,293,
763,
367,409,534,
46,
652,659,696,818,846,958,969,975,
49,51,180,288,294,357,365,448,452,601,693,921,945,
742,
373,454,
332,400,
273,537,705,906,
31,112,159,286,437,557,591,688,757,775,840,868,
952,
324,466,541,625,
444,678,682,
63,326,848,979,
112,145,391,557,591,651,688,757,775,840,868,
61,68,162,480,521,528,544,727,885,965,990,
218,308,397,
37,456,492,603,682,710,714,747,800,882,909,
85,94,175,200,680,
172,245,289,421,
399,456,714,782,957,
45,114,171,372,683,881,
95,124,356,463,468,504,593,707,826,
127,171,442,499,500,564,683,836,847,870,873,929,953,
174,190,296,698,699,821,
72,212,278,627,703,737,874,896,
151,851,
73,531,532,704,
114,171,292,406,500,564,653,683,778,873,881,914,929,941,
117,147,158,206,816,
363,383,490,552,865,948,959,989,
167,198,668,753,
51,59,119,129,180,357,365,401,420,448,452,530,635,805,921,925,945,986,
136,228,553,561,741,887,
59,129,180,347,357,365,401,420,448,452,530,601,805,921,925,945,986,
274,328,408,412,429,467,676,734,746,762,924,
137,195,628,
240,299,347,563,621,739,740,857,
99,130,430,526,700,804,854,917,
89,380,510,796,
126,410,507,547,745,852,
216,353,427,535,600,890,956,
111,129,191,401,420,452,530,805,901,921,925,986,
75,91,131,246,417,677,899,927,936,
68,162,407,528,727,815,885,965,
68,243,521,544,571,709,990,
326,848,
506,545,776,806,807,
370,387,890,

483,
243,521,544,571,709,990,997,
84,431,565,602,829,
679,850,
453,473,697,764,
212,278,627,703,737,896,
301,531,532,704,
251,681,
91,100,131,246,417,813,899,
250,259,435,817,
301,329,342,375,510,617,658,
956,
91,123,131,149,201,417,677,689,748,927,936,970,
266,282,298,369,471,
341,528,

350,446,647,
431,602,829,
94,175,200,680,
127,426,497,520,559,708,870,913,953,
418,832,
430,652,659,696,854,869,917,958,969,
329,375,380,510,717,796,
146,253,258,300,465,550,860,862,
131,201,255,417,677,689,748,899,927,936,
252,475,496,900,998,
422,438,691,926,
175,636,680,
124,356,463,468,504,593,707,826,
290,458,
152,289,421,711,
236,327,512,
430,526,700,738,804,854,917,930,
241,246,415,637,798,
120,168,174,196,267,296,322,443,618,622,698,821,892,
208,256,344,520,536,582,684,708,907,913,
225,389,440,478,789,
134,208,248,256,333,336,344,486,536,619,684,794,907,
154,262,720,767,928,
329,375,654,972,985,
780,863,993,
394,589,
728,905,
187,191,193,230,235,343,566,670,771,859,
132,239,401,452,530,538,650,901,921,943,986,
145,391,557,591,688,757,775,840,868,
878,
171,372,881,
390,539,662,
592,610,
147,158,206,715,816,
576,
129,420,614,635,805,925,
168,174,196,267,296,322,330,428,443,618,622,821,892,
483,489,

131,149,201,417,677,927,
356,463,468,504,593,707,826,
337,349,
238,268,303,410,425,507,556,568,596,611,786,936,
154,331,371,426,497,500,559,767,870,873,913,928,929,953,
153,156,423,424,484,630,638,712,750,916,
180,191,401,420,448,452,530,635,805,908,921,925,968,986,
316,555,700,854,
246,255,417,677,899,927,936,
189,239,538,650,901,943,
141,244,516,908,911,968,
294,333,336,486,524,619,693,713,756,794,819,876,

697,741,764,887,
195,628,
182,614,809,810,883,886,
169,216,263,427,645,781,830,956,
150,548,597,768,
244,325,476,516,911,
697,
509,
477,706,839,
391,591,651,757,775,840,868,
258,300,419,525,550,769,
158,206,816,

201,439,580,755,875,
597,768,963,
851,
289,
424,484,638,712,
262,331,371,720,767,928,953,
505,825,
423,484,630,750,
441,554,631,
206,715,816,
286,437,557,591,688,757,775,868,

349,672,790,797,
528,727,965,
300,413,519,525,573,
742,946,
287,
590,891,
198,462,549,668,753,
174,296,322,443,622,698,821,892,
216,263,427,645,781,830,889,956,
384,445,833,
331,372,500,564,683,836,847,873,881,914,929,941,
245,841,
261,317,385,560,692,814,
267,296,322,443,586,618,622,698,699,821,892,
200,680,
221,257,554,774,791,903,
469,

932,
347,357,365,420,448,563,601,693,805,921,925,945,
565,
188,235,258,321,769,810,860,883,886,

215,386,751,962,
358,792,
784,
193,230,235,343,566,670,723,771,809,859,
235,321,340,411,436,723,769,886,977,
538,650,901,943,
197,460,491,558,664,690,698,699,733,
343,401,452,530,670,771,859,986,
467,562,780,924,
230,343,566,670,771,809,859,
237,920,976,
628,
267,296,330,618,622,774,892,
460,491,558,664,690,733,
753,
218,308,397,

677,689,748,927,
808,
354,388,433,801,982,

222,242,
715,816,

256,344,536,619,684,907,913,

586,631,698,821,
522,613,679,893,
278,569,703,736,737,783,896,

459,503,543,
386,577,751,
263,645,830,889,
355,378,579,773,855,
308,397,
609,
424,918,
257,554,791,903,
242,
240,263,396,645,692,781,830,922,
382,481,669,765,910,
389,440,453,473,478,508,656,675,789,
277,355,470,514,579,971,

421,553,561,741,
346,633,919,
235,321,343,566,670,723,771,809,810,859,
269,
455,731,981,982,

361,416,438,691,792,926,
321,343,411,436,566,723,809,859,886,
327,512,871,
920,976,
268,303,323,425,568,596,611,786,936,980,
288,294,336,486,538,650,713,819,901,921,945,
299,347,365,396,524,621,857,922,
415,659,798,846,858,961,

521,544,571,709,990,
325,516,911,
421,561,
417,637,813,899,

250,259,333,435,619,756,
264,284,449,488,540,772,
259,333,371,435,756,817,913,
681,
335,475,496,523,900,933,991,998,
465,862,
687,
417,677,927,936,
344,513,536,582,701,755,907,
554,791,903,
419,550,769,886,
371,426,435,559,756,913,

263,317,385,560,645,692,781,814,
331,371,720,767,928,
317,560,645,781,814,830,
284,540,
295,502,879,
282,298,369,471,655,
296,322,330,443,618,622,892,
303,323,425,568,596,611,786,980,

722,861,910,
293,654,972,
295,395,502,
338,705,834,906,
392,408,429,676,734,
607,
359,824,
355,470,514,579,971,
569,703,736,737,783,896,


306,309,802,
298,369,405,471,
880,
449,488,540,772,
366,665,671,752,879,
557,591,688,704,

294,319,336,357,365,486,524,601,693,713,819,876,945,
421,
458,
505,
406,653,778,914,941,
654,972,
319,336,357,401,486,601,619,693,713,819,901,921,945,986,
502,
322,443,618,622,698,699,821,892,
314,323,457,604,689,748,888,995,
369,405,608,715,884,
347,396,563,621,739,740,857,
519,525,550,573,
342,531,532,546,617,
360,743,
425,568,596,611,786,927,936,980,

354,388,485,599,
802,
505,825,
397,482,522,
835,

316,368,498,542,575,845,984,
428,585,779,
648,997,
604,888,995,

555,575,937,
385,560,645,657,692,781,814,830,
501,813,915,
336,357,486,524,601,693,713,794,819,876,945,

340,411,436,723,769,886,977,
443,618,622,698,821,892,
457,596,598,611,888,980,
466,541,751,
476,911,
848,979,
512,
408,467,746,762,924,
342,375,380,510,617,717,
618,774,
371,767,881,928,953,
400,
435,524,756,794,817,876,
382,481,765,
523,933,991,
486,619,713,794,819,

705,834,906,

436,669,723,977,
528,
375,510,617,658,
566,670,771,809,859,
513,536,582,701,755,907,

633,919,
365,448,563,621,740,857,
996,
672,797,


403,472,
427,535,600,956,
388,433,485,599,628,801,
470,579,680,
463,468,504,593,707,826,
365,448,452,601,693,713,819,921,945,
792,
824,
506,545,743,776,806,
438,948,

383,490,552,865,948,959,989,
641,666,
420,448,524,601,621,693,805,857,925,945,
532,960,
534,717,749,
498,542,575,799,845,984,
405,471,
387,
426,559,767,870,913,928,953,
881,
454,

380,510,617,717,
724,
604,729,923,995,
770,773,832,855,
629,
717,

481,494,669,765,
490,552,865,948,959,989,
445,833,
560,692,814,
577,
578,890,
433,485,599,801,
440,453,473,478,508,656,675,789,
539,662,
651,868,898,
429,676,734,
634,694,
589,

621,692,857,922,
482,893,
695,710,747,882,909,
456,714,
646,838,
420,452,530,713,805,901,921,925,945,986,
874,896,939,
472,
450,660,949,
608,
653,778,
480,528,727,815,885,965,
412,429,467,676,734,746,762,924,
534,551,
425,507,547,556,745,852,
432,615,723,
643,687,
711,
950,
798,846,858,961,
438,792,
677,899,927,936,

525,550,
448,452,530,635,805,908,925,968,986,
711,
691,844,926,
484,630,750,
484,638,712,918,963,
568,596,611,786,980,
497,559,684,870,913,953,
535,600,956,
585,774,779,791,
734,
526,652,696,700,804,854,869,917,
565,569,602,632,829,
615,
801,

756,817,
723,977,
445,557,688,
691,792,926,948,
520,580,582,708,755,875,
473,478,508,789,964,

499,564,836,847,914,923,941,
618,622,698,821,892,
678,

647,835,
567,
563,601,693,805,921,925,945,
488,772,
660,949,
777,
530,805,921,925,945,986,
460,473,478,508,656,675,
822,912,

714,782,957,
888,


491,558,664,690,733,
994,
721,753,820,
468,593,707,826,

862,
541,625,
562,746,762,924,
593,707,826,

514,579,971,
655,

478,764,789,
923,
491,496,900,
635,908,911,968,
706,839,
508,656,675,789,

528,815,885,
765,
639,893,
489,679,827,850,
630,638,712,750,
599,801,
619,713,794,819,
831,973,
540,772,

552,865,948,959,989,
496,558,664,690,733,
682,

721,765,820,
605,744,800,895,
900,
559,684,870,913,953,
542,575,799,845,984,
520,564,708,836,847,914,941,
564,683,836,847,870,873,881,914,929,941,953,
620,813,915,

543,567,
593,707,826,

545,743,776,806,
547,745,852,
656,675,789,

617,658,717,796,
849,
871,
582,701,755,907,
971,

908,911,968,
802,874,
527,
525,573,
582,708,870,875,907,
544,571,709,990,997,
613,679,893,
933,991,998,
601,693,756,794,876,
573,
659,700,738,804,854,930,

727,783,815,885,
985,
805,901,921,925,986,
532,704,
546,960,


600,956,
619,684,907,
906,
650,901,943,
662,
772,
625,
575,845,984,
567,719,
571,709,990,
743,776,806,

745,852,
597,768,
686,
769,

663,754,865,912,
741,
631,774,791,903,
937,983,
594,983,
591,688,757,775,840,868,
664,690,733,
684,870,913,953,
645,657,692,781,814,

780,924,
621,739,740,857,
683,836,847,873,881,914,929,941,
602,632,829,
670,723,771,809,859,
719,
596,611,786,980,
602,703,829,

709,990,



845,984,

751,
890,
680,855,
875,923,
864,947,951,
701,755,875,907,
640,
792,
779,
698,821,
759,900,994,


874,891,
688,757,775,840,868,
610,
707,826,
983,
871,
598,611,786,936,980,
768,963,
980,

956,
621,693,713,857,876,921,945,
632,703,829,

689,729,748,888,970,995,
744,
940,
793,955,
812,884,967,
787,

786,936,980,


809,810,860,883,
987,
661,731,785,982,992,
658,
622,821,892,
684,713,794,819,
798,915,
857,922,
698,821,892,
763,


872,947,966,
703,737,874,896,
935,
818,
638,712,750,


919,
694,844,
805,908,911,925,968,

798,
712,750,
893,897,
996,
666,
644,856,
687,
856,
781,814,830,889,
838,
835,

742,987,
901,943,
898,938,
659,696,700,854,869,917,958,969,975,
778,
972,

675,
817,

696,798,858,869,958,969,975,
949,
731,785,982,992,

754,

671,752,879,


753,
765,977,
771,809,859,
752,879,
790,797,
987,
982,

734,746,762,
689,748,899,927,936,970,

850,



836,847,873,881,914,929,941,
907,913,
793,

734,
757,775,868,
748,888,927,936,970,980,995,
733,
926,
781,814,922,
713,794,876,945,
844,
710,795,882,895,
854,869,958,969,975,
764,887,964,
699,821,892,
821,
738,804,854,869,917,930,
725,755,907,

736,737,896,

834,906,
839,
826,
870,875,
990,
714,747,800,882,909,

750,
819,901,921,945,986,
882,909,957,
766,812,816,884,967,999,


979,

767,928,
820,
861,910,
809,977,


735,
815,885,965,
905,
923,970,995,
898,938,
785,981,982,992,
742,904,



783,
896,
804,854,930,
740,

887,
904,946,
776,806,
895,
852,
762,924,
882,909,
888,927,936,970,980,995,



879,

912,
875,
794,817,876,
775,840,868,



807,931,
924,
837,867,
887,964,


928,953,

810,860,883,886,
773,832,855,
859,

832,855,
791,
840,868,
806,

914,923,941,

863,993,
814,830,
957,


982,992,
927,936,


964,
797,
903,


817,819,876,
895,


846,858,915,961,
984,
882,909,



854,917,930,
908,925,968,986,


866,
810,883,
860,883,886,

884,967,
915,
830,
885,965,


975,
921,945,

892,
912,959,







889,
973,
855,

906,

847,873,881,914,929,941,
867,


868,
966,



984,
858,961,975,
873,914,929,941,
979,





869,917,930,


922,
961,969,

883,886,



947,951,
948,959,989,



917,958,969,
873,913,929,953,

947,966,
881,914,929,941,953,
896,






914,929,941,
909,
886,
967,
965,


995,









938,
927,936,
998,
921,986,






911,925,968,


968,

953,
923,929,941,


958,


976,
945,986,

941,

968,986,

936,
953,
941,953,



991,998,



983,







986,

966,
959,989,





978,



969,975,
989,









975,
995,










982,
992,







997,









