filename = ../_data/er_200_02.gr
#nodes = 200
#edges = 4002
#nodes = 200
#edges = 4002
permuatation L: [128  16  70 166  43  99  37 122 142  19 100  69 191  60  10 198 195  62
 111 153 121  15   0  66 189 161  92  13 116 133 117  44 112  63  97 104
  53  12 172 137  86 199  83 130 160 119 164 125  93 159  88  18  51 197
 108  22  46 124  35  40 138  45 144 190 192 151 107  57  41  17  59  58
  27  20 188 181 150  67  89  90  74 186  21 113 126 154  87 185 173 106
   7 179   3 140 162 141  31  65 102  95  64 129  28  14  24  85   2 120
  94 115 134 109  81  39 105  38 156  79  34 152  98  68 180  30  54 187
  49  29  72   5 148  23 143 123 155 177   8  33 157   6 196  80 184  25
 167  47  32 145  82  61 170 171 175   9 132   4 183  11 131  84  50  48
 174  96  36  52 136 118  78  91  73 114 168 147 139  71  56 110 193 101
  55 163 127 194 165  77   1 146 158 169 135 103 178  26 182 176  42  76
  75 149]
h = 5
# areas processed : 10
# areas processed : 20
# areas processed : 30
explore_dense_region - DONE
0  [ 0 199 0 199 ] 8004.0 False
1  [ 0 99 0 99 ] 1977.4274804 False
2  [ 0 49 0 49 ] 2500.0 True
2  [ 0 49 50 99 ] 0.0 True
2  [ 50 99 0 49 ] 0.0 True
2  [ 50 99 50 99 ] 492.736312553 False
3  [ 50 74 50 74 ] 122.932969458 True
3  [ 50 74 75 99 ] 125.070085459 True
3  [ 75 99 50 74 ] 130.632655544 True
3  [ 75 99 75 99 ] 109.767451784 True
1  [ 0 99 100 199 ] 0.0 True
1  [ 100 199 0 99 ] 0.0 True
1  [ 100 199 100 199 ] 1996.84973274 False
2  [ 100 149 100 149 ] 558.697723456 False
3  [ 100 124 100 124 ] 141.84593819 True
3  [ 100 124 125 149 ] 134.957497991 True
3  [ 125 149 100 124 ] 133.638646905 True
3  [ 125 149 125 149 ] 143.329802863 True
2  [ 100 149 150 199 ] 491.421606788 False
3  [ 100 124 150 174 ] 130.499801513 True
3  [ 100 124 175 199 ] 107.232166442 True
3  [ 125 149 150 174 ] 111.720077953 True
3  [ 125 149 175 199 ] 123.829224146 True
2  [ 150 199 100 149 ] 492.961382726 False
3  [ 150 174 100 124 ] 140.647647475 True
3  [ 150 174 125 149 ] 113.536977255 True
3  [ 175 199 100 124 ] 111.667332691 True
3  [ 175 199 125 149 ] 113.070659501 True
2  [ 150 199 150 199 ] 446.699647842 False
3  [ 150 174 150 174 ] 122.465753811 True
3  [ 150 174 175 199 ] 113.423059836 True
3  [ 175 199 150 174 ] 125.178532385 True
3  [ 175 199 175 199 ] 114.701108521 True
LEAF NODES
2  [ 0 49 0 49 ] 2500.0
2  [ 0 49 50 99 ] 0.0
2  [ 50 99 0 49 ] 0.0
3  [ 50 74 50 74 ] 122.932969458
3  [ 50 74 75 99 ] 125.070085459
3  [ 75 99 50 74 ] 130.632655544
3  [ 75 99 75 99 ] 109.767451784
1  [ 0 99 100 199 ] 0.0
1  [ 100 199 0 99 ] 0.0
3  [ 100 124 100 124 ] 141.84593819
3  [ 100 124 125 149 ] 134.957497991
3  [ 125 149 100 124 ] 133.638646905
3  [ 125 149 125 149 ] 143.329802863
3  [ 100 124 150 174 ] 130.499801513
3  [ 100 124 175 199 ] 107.232166442
3  [ 125 149 150 174 ] 111.720077953
3  [ 125 149 175 199 ] 123.829224146
3  [ 150 174 100 124 ] 140.647647475
3  [ 150 174 125 149 ] 113.536977255
3  [ 175 199 100 124 ] 111.667332691
3  [ 175 199 125 149 ] 113.070659501
3  [ 150 174 150 174 ] 122.465753811
3  [ 150 174 175 199 ] 113.423059836
3  [ 175 199 150 174 ] 125.178532385
3  [ 175 199 175 199 ] 114.701108521
