0 1
0 3
0 7
0 9
0 10
0 11
0 12
0 19
0 21
0 23
0 26
0 27
0 31
0 36
0 40
0 43
0 48
0 51
0 56
0 57
0 58
0 63
0 64
0 66
0 77
0 86
0 89
0 100
0 101
0 107
0 109
0 110
0 113
0 117
0 120
0 121
0 129
0 147
0 154
0 159
0 170
0 172
0 182
0 187
0 188
0 192
0 194
0 198
0 201
0 209
0 217
0 219
0 222
0 223
0 230
0 235
0 246
0 263
0 272
0 276
0 282
0 294
0 310
0 319
0 320
0 324
0 325
0 327
0 329
0 339
0 340
0 345
0 346
0 348
0 349
0 359
0 368
0 382
0 383
0 384
0 391
0 393
0 396
0 401
0 407
0 428
0 439
0 444
0 448
0 449
0 453
0 455
0 459
0 470
0 472
0 475
0 478
0 482
0 484
0 485
0 486
0 490
0 502
0 504
0 508
0 513
0 515
0 525
0 531
0 535
0 539
0 540
0 551
0 553
0 572
0 573
0 576
0 588
0 595
0 596
0 600
0 602
0 611
0 612
0 626
0 637
0 640
0 643
0 644
0 648
0 658
0 667
0 668
0 670
0 687
0 692
0 693
0 705
0 707
0 708
0 710
0 718
0 732
0 740
0 755
0 757
0 776
0 779
0 788
0 790
0 795
0 798
0 810
0 833
0 840
0 855
0 859
0 860
0 861
0 873
0 888
0 894
0 895
0 910
0 918
0 929
0 932
0 933
0 936
0 938
0 942
0 954
0 957
0 960
0 967
0 972
0 978
0 983
0 985
0 987
0 1005
0 1006
0 1019
0 1035
0 1038
0 1040
0 1043
0 1045
0 1052
0 1070
0 1081
0 1082
0 1088
0 1093
0 1094
0 1095
0 1099
0 1133
0 1137
0 1151
0 1158
0 1160
0 1165
0 1178
0 1189
0 1199
0 1216
0 1240
0 1243
0 1253
0 1254
0 1270
0 1275
0 1276
0 1285
0 1290
0 1291
0 1293
0 1294
0 1300
0 1312
0 1314
0 1319
0 1324
0 1331
0 1345
0 1347
0 1358
0 1363
0 1364
0 1371
0 1372
0 1373
0 1374
0 1378
0 1380
0 1392
0 1405
0 1407
0 1414
0 1415
0 1416
0 1418
0 1421
0 1425
0 1426
0 1427
0 1441
0 1450
0 1451
0 1481
0 1488
0 1491
0 1498
0 1503
0 1504
0 1520
0 1528
0 1531
0 1532
0 1536
0 1544
0 1552
0 1556
0 1572
0 1579
0 1588
0 1606
0 1609
0 1616
0 1637
0 1639
0 1641
0 1647
0 1650
0 1651
0 1654
0 1662
0 1667
0 1680
0 1682
0 1687
0 1694
0 1712
0 1713
0 1717
0 1738
0 1743
0 1753
0 1764
0 1767
0 1773
0 1774
0 1782
0 1787
0 1803
0 1805
0 1807
0 1808
0 1817
0 1821
0 1825
0 1835
0 1847
0 1852
0 1864
0 1867
0 1881
0 1885
0 1890
0 1903
0 1904
0 1916
0 1927
0 1937
0 1944
0 1953
0 1954
0 1958
0 1969
0 1970
0 1986
0 1993
0 1997
0 2000
0 2012
0 2018
0 2038
0 2042
0 2047
0 2052
0 2063
0 2064
0 2067
0 2071
0 2072
0 2085
0 2090
0 2094
0 2108
0 2133
0 2163
0 2183
0 2186
0 2201
0 2224
0 2251
0 2256
0 2265
0 2272
0 2273
0 2284
0 2288
0 2291
0 2292
0 2297
0 2300
0 2301
0 2302
0 2303
0 2308
0 2320
0 2324
0 2326
0 2330
0 2335
0 2336
0 2354
0 2358
0 2361
0 2380
0 2382
0 2386
0 2391
0 2413
0 2420
0 2431
0 2434
0 2451
0 2457
0 2460
0 2464
0 2468
0 2486
0 2493
0 2516
0 2525
0 2527
0 2534
0 2542
0 2548
0 2570
0 2589
0 2591
0 2592
0 2598
0 2606
0 2608
0 2637
0 2643
0 2671
0 2684
0 2695
0 2698
0 2699
0 2704
0 2713
0 2715
0 2719
0 2731
0 2732
0 2736
0 2744
0 2756
0 2757
0 2764
0 2773
0 2775
0 2780
0 2781
0 2783
0 2784
0 2791
0 2795
0 2796
0 2803
0 2811
0 2816
0 2824
0 2829
0 2836
0 2848
0 2851
0 2865
0 2879
0 2884
0 2914
0 2935
0 2952
0 2960
0 2966
0 2978
0 2980
0 2984
0 2997
0 3026
0 3059
0 3066
0 3073
0 3089
0 3090
0 3091
0 3097
0 3102
0 3103
0 3105
0 3111
0 3112
0 3113
0 3121
0 3122
0 3126
0 3140
0 3141
0 3148
0 3161
0 3163
0 3164
0 3168
0 3170
0 3171
0 3185
0 3202
0 3203
0 3210
0 3216
0 3228
0 3231
0 3238
0 3251
0 3269
0 3278
0 3281
0 3286
0 3288
0 3296
0 3302
0 3303
0 3314
0 3329
0 3331
0 3346
0 3357
0 3358
0 3378
0 3386
0 3388
0 3397
0 3400
0 3403
0 3404
0 3406
0 3409
0 3414
0 3425
0 3435
0 3455
0 3463
0 3465
0 3477
0 3483
0 3484
0 3519
0 3524
0 3530
0 3532
0 3535
0 3539
0 3547
0 3557
0 3594
0 3597
0 3601
0 3603
0 3610
0 3625
0 3640
0 3660
0 3666
0 3690
0 3692
0 3696
0 3702
0 3711
0 3717
0 3734
0 3747
0 3753
0 3761
0 3774
0 3776
0 3779
0 3791
0 3798
0 3803
0 3809
0 3812
0 3815
0 3828
0 3842
0 3860
0 3869
0 3870
0 3890
0 3892
0 3893
0 3915
0 3938
0 3947
0 3957
0 3959
0 3973
0 3974
0 3983
0 3990
0 3995
0 4002
0 4006
0 4008
0 4009
0 4015
0 4016
0 4023
0 4026
0 4061
0 4076
0 4079
0 4081
0 4082
0 4086
0 4094
0 4097
0 4107
0 4108
0 4125
0 4127
0 4133
0 4142
0 4146
0 4156
0 4162
0 4166
0 4185
0 4199
0 4207
0 4210
0 4213
0 4221
0 4226
0 4230
0 4233
0 4234
0 4239
0 4244
0 4259
0 4261
0 4265
0 4278
0 4284
0 4287
0 4299
0 4329
0 4330
0 4336
0 4362
0 4400
0 4401
0 4410
0 4417
0 4423
0 4425
0 4427
0 4433
0 4446
0 4472
0 4477
0 4479
0 4499
0 4507
0 4510
0 4535
0 4536
0 4551
0 4553
0 4564
0 4568
0 4574
0 4586
0 4590
0 4597
0 4605
0 4620
0 4622
0 4630
0 4631
0 4643
0 4659
0 4664
0 4668
0 4674
0 4691
0 4694
0 4710
0 4725
0 4736
0 4745
0 4757
0 4762
0 4765
0 4766
0 4767
0 4771
0 4778
0 4793
0 4794
0 4797
0 4800
0 4807
0 4819
0 4820
0 4831
0 4833
0 4834
0 4835
0 4864
0 4868
0 4879
0 4880
0 4889
0 4892
0 4905
0 4907
0 4909
0 4920
0 4968
0 4974
0 4984
0 4685
0 546
0 409
0 503
0 1576
0 91
0 1223
0 1719
0 3748
0 3127
0 1497
0 3823
0 2769
0 4264
0 456
0 1591
0 75
0 45
0 688
0 3194
0 940
0 4719
0 2515
0 197
0 270
0 1310
0 844
0 898
0 1795
0 746
0 4456
0 160
0 2554
0 4922
0 2987
0 4475
0 3360
0 1359
0 1671
0 2216
0 1357
0 3446
0 4332
0 958
0 134
0 104
0 3731
0 14
0 4558
0 3786
0 212
0 4095
0 4846
0 1715
0 2885
0 487
0 3697
0 2192
0 2226
0 1801
0 4424
0 471
0 1874
0 635
0 4555
0 168
0 3780
0 386
0 3169
0 3831
0 355
0 22
0 2894
0 2487
0 3029
0 1280
0 2655
0 598
0 1836
0 4609
0 4460
0 2435
0 1468
0 4906
0 614
0 103
0 480
0 548
0 216
0 3551
0 3317
0 4383
0 3606
0 4063
0 3274
0 4717
0 4227
0 3568
0 4853
0 2212
0 8
0 49
0 4530
0 343
0 1853
0 2900
0 2601
0 167
0 3654
0 673
0 296
0 647
0 267
0 1621
0 2309
0 638
0 4148
0 203
0 2
0 127
0 3979
0 1517
0 745
0 157
0 1697
0 4194
0 3619
0 2170
0 4935
0 1828
0 1011
0 2701
0 3971
0 2348
0 3450
0 479
0 650
0 4878
0 1876
0 3367
0 1091
0 2517
0 305
0 24
0 915
0 805
0 2881
0 6
0 499
0 4136
0 125
0 1361
0 4452
0 1198
0 821
0 3628
0 1629
0 4386
0 3454
0 3502
0 3008
0 2103
0 2772
0 4
0 2763
0 416
0 331
0 3523
0 1053
0 119
0 617
0 4420
0 4849
0 2584
0 3147
0 2147
0 3104
0 4869
0 4502
0 4898
0 1977
0 3045
0 4732
0 753
0 619
0 3262
0 1465
0 3081
0 849
0 50
0 2189
0 314
0 4801
0 2820
0 1884
0 2140
0 20
0 146
0 756
0 1798
0 3715
0 1705
0 3687
0 1317
0 2480
0 1984
0 4116
0 3540
0 1816
0 233
0 3788
0 3417
0 1658
0 4285
0 1399
0 4397
0 2414
0 4351
0 29
0 509
0 88
0 1459
0 3577
0 2982
0 1888
0 477
0 259
0 2430
0 287
0 4054
0 1980
0 4187
0 4390
0 1660
0 376
0 3555
0 1653
0 3767
0 132
0 582
0 1209
0 3799
0 775
0 4559
0 2332
0 33
0 1490
0 522
0 2847
0 507
0 1530
0 3936
0 1162
0 3449
0 1071
0 17
0 4782
0 4439
0 399
0 3336
0 4706
0 3918
0 2343
0 1026
0 1856
0 2888
0 563
0 1332
0 3481
0 4635
0 292
0 3693
0 4521
0 173
0 4435
0 1106
0 3266
0 18
0 3858
0 2178
0 61
0 4373
0 220
0 62
0 2397
0 30
0 4089
0 1923
0 3886
0 4350
0 38
0 178
0 3904
0 2691
0 699
0 2991
0 451
0 37
0 102
0 3020
0 2799
0 2437
0 1700
0 3031
0 3785
0 4601
0 1429
0 4854
0 3221
0 829
0 464
0 4812
0 3439
0 4877
0 2725
0 4069
0 3071
0 3745
0 365
0 2883
0 162
0 2877
0 1822
0 837
0 3712
0 3650
0 3007
0 911
0 79
0 3188
0 3908
0 2615
0 60
0 53
0 126
0 3789
0 2425
0 1748
0 646
1 2
1 4
1 8
1 15
1 16
1 22
1 29
1 30
1 46
1 47
1 52
1 76
1 87
1 90
1 98
1 104
1 108
1 112
1 118
1 127
1 140
1 143
1 164
1 171
1 173
1 175
1 197
1 202
1 204
1 218
1 221
1 251
1 253
1 265
1 269
1 303
1 315
1 328
1 334
1 356
1 360
1 362
1 371
1 374
1 409
1 412
1 467
1 477
1 479
1 480
1 487
1 497
1 512
1 522
1 524
1 530
1 566
1 567
1 625
1 629
1 633
1 638
1 646
1 652
1 660
1 695
1 709
1 714
1 715
1 746
1 747
1 748
1 754
1 767
1 771
1 778
1 780
1 792
1 801
1 804
1 820
1 825
1 831
1 835
1 844
1 863
1 882
1 900
1 912
1 921
1 937
1 961
1 962
1 964
1 975
1 977
1 986
1 989
1 991
1 996
1 999
1 1016
1 1046
1 1053
1 1069
1 1071
1 1083
1 1091
1 1092
1 1098
1 1111
1 1115
1 1117
1 1141
1 1148
1 1159
1 1173
1 1182
1 1207
1 1213
1 1214
1 1217
1 1222
1 1227
1 1238
1 1242
1 1288
1 1330
1 1339
1 1384
1 1396
1 1431
1 1456
1 1472
1 1500
1 1501
1 1505
1 1508
1 1516
1 1526
1 1529
1 1534
1 1542
1 1563
1 1591
1 1599
1 1603
1 1610
1 1628
1 1630
1 1646
1 1653
1 1673
1 1677
1 1706
1 1736
1 1745
1 1748
1 1749
1 1750
1 1757
1 1777
1 1781
1 1800
1 1804
1 1829
1 1831
1 1833
1 1836
1 1843
1 1865
1 1866
1 1892
1 1898
1 1906
1 1921
1 1928
1 1931
1 1933
1 1957
1 1964
1 1968
1 1972
1 1980
1 2005
1 2069
1 2077
1 2086
1 2118
1 2150
1 2195
1 2198
1 2204
1 2211
1 2214
1 2236
1 2237
1 2259
1 2281
1 2294
1 2322
1 2323
1 2368
1 2378
1 2381
1 2383
1 2388
1 2399
1 2400
1 2410
1 2411
1 2437
1 2438
1 2446
1 2448
1 2450
1 2456
1 2467
1 2478
1 2485
1 2505
1 2532
1 2535
1 2559
1 2572
1 2573
1 2585
1 2607
1 2613
1 2614
1 2627
1 2633
1 2634
1 2666
1 2693
1 2696
1 2712
1 2741
1 2753
1 2807
1 2827
1 2834
1 2838
1 2846
1 2875
1 2885
1 2888
1 2894
1 2910
1 2916
1 2936
1 2942
1 2944
1 2961
1 2972
1 2976
1 2994
1 3005
1 3006
1 3009
1 3011
1 3016
1 3020
1 3031
1 3036
1 3038
1 3070
1 3100
1 3130
1 3142
1 3157
1 3187
1 3194
1 3208
1 3220
1 3227
1 3245
1 3258
1 3263
1 3284
1 3300
1 3301
1 3321
1 3323
1 3324
1 3325
1 3355
1 3395
1 3410
1 3413
1 3420
1 3451
1 3481
1 3501
1 3507
1 3514
1 3520
1 3527
1 3604
1 3615
1 3622
1 3676
1 3683
1 3686
1 3703
1 3723
1 3727
1 3728
1 3755
1 3756
1 3762
1 3766
1 3770
1 3787
1 3801
1 3818
1 3830
1 3835
1 3847
1 3895
1 3910
1 3911
1 3912
1 3937
1 3970
1 3982
1 4057
1 4066
1 4112
1 4119
1 4120
1 4130
1 4132
1 4135
1 4137
1 4186
1 4190
1 4191
1 4192
1 4209
1 4223
1 4231
1 4269
1 4289
1 4294
1 4295
1 4314
1 4325
1 4349
1 4350
1 4375
1 4383
1 4392
1 4408
1 4430
1 4437
1 4460
1 4480
1 4485
1 4504
1 4532
1 4533
1 4576
1 4594
1 4616
1 4638
1 4658
1 4671
1 4684
1 4686
1 4726
1 4727
1 4730
1 4763
1 4770
1 4803
1 4809
1 4822
1 4824
1 4832
1 4849
1 4852
1 4853
1 4856
1 4861
1 4862
1 4865
1 4866
1 4927
1 4964
1 4985
1 4990
1 4998
1 1319
1 223
1 4433
1 2112
1 33
1 176
1 976
1 1538
1 18
1 432
1 2798
1 595
1 20
1 12
1 1006
1 1146
1 3032
1 3249
1 3238
1 392
1 156
1 4293
1 2746
1 3330
1 3690
1 3416
1 339
1 4830
1 2106
1 1430
1 515
1 2809
1 2564
1 4720
1 4617
1 2709
1 441
1 4943
1 3231
1 913
1 2341
1 2587
1 3
1 5
1 2249
1 4009
1 366
1 1524
1 4228
1 333
1 1954
1 66
1 807
1 2494
1 1925
1 3348
1 123
1 63
1 576
1 3456
1 332
1 1600
1 1252
1 162
1 255
1 523
1 25
1 1197
1 1567
1 3206
1 41
1 11
1 682
1 4045
1 122
1 1058
1 436
1 3639
1 4202
1 384
1 2632
1 4477
1 130
1 359
1 370
1 3534
1 341
1 1997
1 1189
1 496
1 464
1 3887
1 4051
1 4070
1 3972
1 1038
1 769
1 4287
1 17
1 48
1 163
1 201
1 4225
1 880
1 4892
1 891
1 623
1 1134
1 2644
1 31
1 581
1 80
1 166
1 2958
1 74
1 1190
1 3572
1 1075
1 3746
1 1008
1 3526
1 4174
1 2030
1 1862
1 1916
1 199
1 1410
1 4724
1 537
1 1805
1 4789
1 154
1 1635
1 238
1 2967
1 380
1 4050
1 3419
1 872
1 656
1 3528
1 3484
1 146
1 556
1 151
1 1093
1 95
1 516
1 1815
1 1193
1 3893
1 3209
1 2814
1 610
1 1955
1 4465
1 3840
1 114
1 2660
1 1393
1 766
1 4028
1 3076
1 4805
1 121
1 908
1 3418
2 13
2 14
2 17
2 34
2 49
2 54
2 62
2 68
2 72
2 73
2 80
2 81
2 91
2 92
2 128
2 130
2 132
2 133
2 135
2 137
2 142
2 145
2 169
2 176
2 181
2 212
2 242
2 252
2 277
2 299
2 302
2 321
2 341
2 354
2 363
2 365
2 381
2 422
2 495
2 496
2 511
2 526
2 548
2 560
2 570
2 609
2 672
2 676
2 691
2 694
2 701
2 744
2 760
2 793
2 800
2 806
2 818
2 821
2 832
2 846
2 856
2 857
2 902
2 908
2 949
2 953
2 955
2 982
2 1011
2 1027
2 1054
2 1068
2 1077
2 1101
2 1135
2 1149
2 1166
2 1188
2 1245
2 1246
2 1282
2 1283
2 1296
2 1305
2 1321
2 1350
2 1353
2 1360
2 1404
2 1423
2 1485
2 1490
2 1512
2 1553
2 1554
2 1580
2 1619
2 1690
2 1705
2 1707
2 1715
2 1721
2 1786
2 1819
2 1837
2 1854
2 1899
2 1910
2 1911
2 1912
2 1938
2 1940
2 1949
2 1955
2 1963
2 1966
2 1977
2 1979
2 2003
2 2017
2 2045
2 2046
2 2087
2 2095
2 2105
2 2116
2 2129
2 2134
2 2144
2 2145
2 2164
2 2174
2 2177
2 2221
2 2249
2 2276
2 2318
2 2347
2 2349
2 2353
2 2363
2 2398
2 2415
2 2452
2 2474
2 2492
2 2504
2 2512
2 2519
2 2523
2 2526
2 2553
2 2554
2 2578
2 2615
2 2636
2 2716
2 2754
2 2763
2 2778
2 2792
2 2809
2 2817
2 2861
2 2871
2 2878
2 2901
2 2917
2 2939
2 2943
2 2958
2 2990
2 3098
2 3101
2 3107
2 3151
2 3156
2 3162
2 3193
2 3309
2 3312
2 3315
2 3370
2 3381
2 3405
2 3407
2 3415
2 3442
2 3446
2 3549
2 3561
2 3564
2 3583
2 3600
2 3616
2 3626
2 3646
2 3663
2 3705
2 3710
2 3715
2 3757
2 3825
2 3826
2 3853
2 3878
2 3908
2 3927
2 3944
2 3984
2 4050
2 4056
2 4058
2 4073
2 4090
2 4101
2 4193
2 4235
2 4243
2 4254
2 4274
2 4279
2 4281
2 4293
2 4298
2 4317
2 4324
2 4348
2 4352
2 4358
2 4361
2 4367
2 4391
2 4394
2 4414
2 4431
2 4466
2 4484
2 4517
2 4559
2 4599
2 4602
2 4606
2 4621
2 4649
2 4687
2 4705
2 4712
2 4732
2 4744
2 4759
2 4846
2 4855
2 4881
2 4943
2 3851
2 1415
2 296
2 2724
2 4678
2 2230
2 4579
2 2744
2 220
2 217
2 1681
2 310
2 343
2 2378
2 3665
2 2859
2 937
2 3051
2 32
2 3699
2 2858
2 972
2 2555
2 2264
2 403
2 4564
2 2084
2 920
2 3015
2 107
2 1109
2 57
2 4793
2 4656
2 51
2 618
2 103
2 797
2 1775
2 2981
2 2689
2 2968
2 4487
2 3682
2 2848
2 1018
2 2653
2 324
2 3497
2 3053
2 505
2 476
2 448
2 467
2 359
2 543
2 1059
2 39
2 4771
2 3440
2 1260
2 3876
2 2256
2 1053
2 4453
2 4947
2 4135
2 2057
2 2495
2 1726
2 362
2 3698
2 4097
2 2506
2 459
2 20
2 4832
2 4545
2 1376
2 2065
2 590
2 270
2 4575
2 71
2 4838
2 384
2 2786
2 70
2 4159
2 2950
2 3888
2 1250
2 33
2 4925
2 1107
2 3547
2 4714
2 4633
2 140
2 628
2 35
2 785
2 4440
2 3145
2 1611
2 4060
2 430
2 261
2 695
2 24
2 369
2 2630
2 2383
2 4776
2 2162
2 657
2 4336
2 3740
2 503
2 4857
2 3945
2 2643
2 562
2 4576
2 2391
2 3872
2 382
2 119
2 2159
2 1449
2 3347
2 725
2 1274
2 1275
2 112
2 1904
2 3002
3 25
3 28
3 32
3 55
3 59
3 60
3 88
3 125
3 134
3 161
3 196
3 207
3 270
3 295
3 335
3 377
3 387
3 403
3 418
3 425
3 426
3 427
3 446
3 476
3 481
3 565
3 591
3 599
3 627
3 656
3 681
3 745
3 774
3 775
3 807
3 922
3 939
3 973
3 974
3 1002
3 1026
3 1058
3 1089
3 1107
3 1129
3 1143
3 1153
3 1180
3 1190
3 1215
3 1233
3 1244
3 1271
3 1297
3 1355
3 1359
3 1361
3 1377
3 1383
3 1530
3 1594
3 1622
3 1626
3 1657
3 1683
3 1700
3 1709
3 1720
3 1722
3 1742
3 1798
3 1823
3 1832
3 1841
3 1858
3 1924
3 1943
3 2009
3 2056
3 2057
3 2070
3 2122
3 2131
3 2151
3 2176
3 2180
3 2187
3 2207
3 2293
3 2307
3 2355
3 2359
3 2408
3 2422
3 2427
3 2459
3 2466
3 2481
3 2544
3 2555
3 2594
3 2601
3 2621
3 2628
3 2662
3 2670
3 2686
3 2728
3 2739
3 2750
3 2801
3 2808
3 2860
3 2913
3 3000
3 3024
3 3030
3 3034
3 3068
3 3139
3 3195
3 3218
3 3225
3 3230
3 3244
3 3290
3 3298
3 3305
3 3372
3 3438
3 3510
3 3521
3 3555
3 3560
3 3567
3 3585
3 3605
3 3608
3 3627
3 3648
3 3649
3 3685
3 3704
3 3732
3 3735
3 3741
3 3767
3 3775
3 3786
3 3821
3 3822
3 3854
3 3880
3 3917
3 3945
3 3946
3 4038
3 4042
3 4080
3 4115
3 4131
3 4153
3 4200
3 4217
3 4224
3 4227
3 4258
3 4262
3 4268
3 4271
3 4280
3 4316
3 4327
3 4382
3 4404
3 4473
3 4489
3 4492
3 4524
3 4537
3 4554
3 4562
3 4624
3 4670
3 4697
3 4698
3 4703
3 4737
3 4739
3 4795
3 4808
3 4811
3 4812
3 4837
3 4838
3 4857
3 4858
3 4867
3 4878
3 4883
3 4899
3 4921
3 4930
3 4942
3 4953
3 4969
3 41
3 2575
3 2719
3 4860
3 202
3 1140
3 648
3 110
3 413
3 2889
3 5
3 938
3 1445
3 2322
3 4229
3 57
3 561
3 2107
3 532
3 3613
3 2937
3 3212
3 103
3 2537
3 2357
3 525
3 2013
3 4749
3 29
3 2356
3 1806
3 4636
3 4138
3 347
3 18
3 8
3 1428
3 2114
3 94
3 4061
3 4180
3 235
3 2931
3 1804
3 3108
3 1382
3 1572
3 422
3 9
3 11
3 2146
3 19
3 1640
3 141
3 180
3 2325
3 3634
3 3975
3 3827
3 119
3 1971
3 2203
3 4765
3 3062
3 1928
3 2260
3 1219
3 1235
3 590
3 4164
3 1566
3 3227
3 95
3 4462
3 3640
3 1095
3 536
3 3337
3 4408
3 333
3 3586
3 4785
3 3442
3 4777
3 421
3 717
3 147
3 1291
3 1059
3 2363
3 4240
3 804
3 1133
3 4325
3 3158
3 3173
3 4588
3 4791
3 71
3 2399
3 1345
3 4733
3 2619
3 1737
3 961
3 3808
3 1960
3 4593
4 5
4 6
4 24
4 105
4 156
4 157
4 224
4 241
4 262
4 286
4 386
4 389
4 421
4 432
4 441
4 447
4 523
4 532
4 546
4 582
4 608
4 620
4 666
4 743
4 765
4 814
4 854
4 884
4 890
4 901
4 931
4 1010
4 1013
4 1063
4 1075
4 1079
4 1110
4 1121
4 1150
4 1185
4 1197
4 1236
4 1292
4 1329
4 1356
4 1370
4 1395
4 1412
4 1422
4 1460
4 1477
4 1545
4 1632
4 1635
4 1671
4 1698
4 1766
4 1811
4 1845
4 1879
4 1942
4 1992
4 2006
4 2008
4 2026
4 2068
4 2152
4 2158
4 2169
4 2240
4 2282
4 2296
4 2313
4 2331
4 2350
4 2458
4 2462
4 2473
4 2499
4 2530
4 2541
4 2563
4 2586
4 2620
4 2659
4 2664
4 2688
4 2761
4 2812
4 2820
4 2890
4 2920
4 2924
4 2941
4 2965
4 2988
4 3080
4 3179
4 3209
4 3214
4 3250
4 3318
4 3394
4 3421
4 3436
4 3439
4 3458
4 3468
4 3482
4 3529
4 3584
4 3611
4 3612
4 3628
4 3632
4 3668
4 3669
4 3771
4 3772
4 3789
4 3841
4 3864
4 3898
4 3956
4 3991
4 4019
4 4074
4 4122
4 4155
4 4168
4 4178
4 4340
4 4357
4 4364
4 4368
4 4428
4 4441
4 4523
4 4573
4 4600
4 4603
4 4641
4 4651
4 4669
4 4681
4 4683
4 4706
4 4782
4 4802
4 4825
4 4884
4 4895
4 4916
4 4699
4 3933
4 2742
4 11
4 4352
4 3509
4 4614
4 21
4 4445
4 607
4 76
4 4917
4 3102
4 539
4 2377
4 2379
4 962
4 94
4 1322
4 192
4 4205
4 1210
4 3339
4 869
4 4837
4 2702
4 3809
4 713
4 3844
4 1838
4 729
4 168
4 3107
4 29
4 3615
4 3488
4 698
4 2789
4 25
4 3768
4 4930
4 3088
4 898
4 1899
4 208
4 3561
4 4468
4 3984
4 2557
4 4220
4 815
4 2774
4 2868
4 1746
4 4379
4 3346
4 202
4 928
4 2490
4 3035
4 4317
4 1562
4 2613
4 587
4 3407
4 4299
4 2544
4 308
4 2278
4 358
4 31
4 263
4 32
4 3663
4 1787
4 2291
4 758
4 223
4 112
4 2374
4 2592
4 2091
4 166
4 2880
4 983
4 2020
4 1534
4 8
4 2611
4 2340
4 4886
4 2501
5 65
5 70
5 71
5 74
5 93
5 106
5 139
5 150
5 205
5 210
5 226
5 232
5 249
5 314
5 333
5 376
5 442
5 445
5 492
5 500
5 514
5 538
5 554
5 555
5 577
5 606
5 615
5 632
5 639
5 683
5 702
5 717
5 758
5 848
5 990
5 1037
5 1086
5 1105
5 1139
5 1175
5 1191
5 1203
5 1225
5 1258
5 1279
5 1299
5 1326
5 1351
5 1390
5 1458
5 1489
5 1518
5 1548
5 1551
5 1625
5 1644
5 1735
5 1802
5 1809
5 1851
5 1863
5 1891
5 1895
5 1897
5 1932
5 1936
5 1978
5 2016
5 2024
5 2126
5 2146
5 2167
5 2194
5 2263
5 2269
5 2346
5 2369
5 2387
5 2394
5 2472
5 2611
5 2641
5 2651
5 2660
5 2724
5 2762
5 2788
5 2794
5 2837
5 2981
5 2986
5 3042
5 3065
5 3067
5 3092
5 3099
5 3114
5 3229
5 3267
5 3311
5 3337
5 3474
5 3523
5 3587
5 3654
5 3721
5 3782
5 3783
5 3788
5 3804
5 3813
5 3874
5 3962
5 3977
5 4028
5 4245
5 4260
5 4270
5 4300
5 4341
5 4370
5 4376
5 4426
5 4494
5 4496
5 4614
5 4644
5 4733
5 4747
5 4760
5 4788
5 4815
5 4840
5 4933
5 35
5 2627
5 4276
5 372
5 4239
5 4905
5 2445
5 4634
5 633
5 2512
5 4519
5 1187
5 2185
5 4359
5 4590
5 2011
5 671
5 39
5 3097
5 3884
5 1970
5 4163
5 3057
5 1082
5 840
5 714
5 781
5 2160
5 881
5 1103
5 603
5 4563
5 3117
5 2235
5 2879
5 571
5 1435
5 3899
5 2743
5 2221
5 3588
5 541
5 2452
5 105
5 3264
5 692
5 2791
5 4803
5 2243
5 597
5 496
5 4065
5 1381
5 1040
5 2295
5 1416
5 696
5 3332
5 870
5 228
5 4283
5 2758
5 2164
5 182
5 3857
5 2556
5 77
6 41
6 116
6 162
6 168
6 250
6 257
6 293
6 307
6 309
6 342
6 343
6 420
6 424
6 440
6 443
6 507
6 517
6 550
6 630
6 669
6 671
6 784
6 914
6 956
6 992
6 1065
6 1097
6 1119
6 1120
6 1177
6 1204
6 1309
6 1368
6 1387
6 1442
6 1448
6 1555
6 1691
6 1696
6 1702
6 1732
6 1788
6 1886
6 1946
6 2033
6 2035
6 2083
6 2093
6 2110
6 2235
6 2275
6 2289
6 2476
6 2503
6 2522
6 2593
6 2692
6 2721
6 2740
6 2749
6 2841
6 2864
6 2896
6 2907
6 2912
6 3054
6 3095
6 3127
6 3239
6 3257
6 3265
6 3272
6 3276
6 3333
6 3367
6 3371
6 3385
6 3408
6 3453
6 3472
6 3639
6 3724
6 3780
6 3816
6 3834
6 3881
6 3988
6 3997
6 4159
6 4175
6 4384
6 4482
6 4563
6 4577
6 4629
6 4647
6 4692
6 4817
6 4874
6 146
6 4210
6 2227
6 1575
6 4821
6 560
6 3617
6 4360
6 4488
6 4310
6 3934
6 1680
6 85
6 1605
6 4016
6 668
6 374
6 3924
6 3059
6 1067
6 3521
6 1535
6 3430
6 2510
6 158
6 3413
6 228
6 3861
6 391
6 330
6 993
6 3548
6 2718
6 2690
6 1725
6 3977
6 3315
6 261
6 4569
6 271
6 2478
6 515
6 76
6 2331
6 1122
6 2586
6 4301
6 4279
6 1312
6 2373
6 2902
6 462
6 845
6 385
6 4722
6 2631
6 479
6 3815
6 1868
6 2449
6 1920
6 61
6 201
6 4534
6 4062
6 1037
6 4211
6 790
6 1352
6 135
6 239
6 2145
6 3539
6 1164
7 18
7 238
7 261
7 398
7 404
7 408
7 434
7 438
7 456
7 468
7 503
7 594
7 631
7 673
7 682
7 688
7 773
7 869
7 872
7 911
7 948
7 952
7 980
7 1008
7 1014
7 1032
7 1104
7 1186
7 1201
7 1202
7 1237
7 1410
7 1473
7 1478
7 1511
7 1537
7 1734
7 1741
7 1815
7 1896
7 1905
7 1909
7 1984
7 2088
7 2109
7 2279
7 2370
7 2435
7 2558
7 2603
7 2622
7 2689
7 2711
7 2714
7 2779
7 2945
7 3076
7 3109
7 3178
7 3186
7 3232
7 3259
7 3264
7 3396
7 3505
7 3544
7 3571
7 3633
7 3680
7 3760
7 3810
7 3824
7 3858
7 3889
7 3913
7 3971
7 4033
7 4121
7 4144
7 4174
7 4220
7 4381
7 4444
7 4498
7 4518
7 4542
7 4584
7 4591
7 4595
7 4740
7 4748
7 4772
7 4789
7 4886
7 4972
7 4747
7 2133
7 1544
7 194
7 2457
7 3306
7 60
7 4278
7 425
7 2201
7 1987
7 3217
7 367
7 47
7 1188
7 4513
7 4855
7 1656
7 2773
7 180
7 206
7 4490
7 3470
7 413
7 1142
7 3482
7 858
7 2142
7 4134
7 3558
7 763
7 3268
7 299
7 293
7 3925
7 4355
7 3691
7 1285
7 137
7 1557
7 1649
7 4421
7 140
7 314
7 2961
7 284
7 4652
7 4792
7 134
7 3926
7 3797
7 2811
7 1744
7 2317
7 4257
7 247
7 4680
8 33
8 94
8 111
8 186
8 208
8 402
8 430
8 431
8 488
8 564
8 575
8 603
8 650
8 759
8 870
8 904
8 915
8 924
8 946
8 981
8 1116
8 1162
8 1302
8 1413
8 1470
8 1513
8 1514
8 1561
8 1573
8 1602
8 1727
8 2004
8 2044
8 2115
8 2123
8 2147
8 2185
8 2225
8 2270
8 2328
8 2373
8 2489
8 2501
8 2562
8 2657
8 2770
8 2849
8 2946
8 2954
8 2959
8 2992
8 3133
8 3155
8 3183
8 3188
8 3273
8 3274
8 3285
8 3380
8 3432
8 3552
8 3568
8 3714
8 3873
8 3941
8 4014
8 4040
8 4123
8 4140
8 4319
8 4490
8 4505
8 4571
8 4587
8 4958
8 4966
8 749
8 2621
8 339
8 4597
8 637
8 1503
8 71
8 21
8 3184
8 3340
8 465
8 703
8 663
8 2128
8 3668
8 4695
8 56
8 3645
8 32
8 3393
8 390
8 2409
8 164
8 3361
8 355
8 3744
8 413
8 3686
8 2714
8 3595
8 4524
8 4400
8 4331
8 2184
8 4944
8 1041
8 2488
8 3600
8 1375
8 1992
8 1549
8 1368
8 3391
8 213
8 3707
8 693
8 2871
8 926
8 4015
8 1642
8 10
8 2242
8 2835
8 1604
8 14
8 4249
8 3580
9 119
9 228
9 240
9 291
9 298
9 336
9 351
9 364
9 518
9 592
9 634
9 684
9 685
9 723
9 742
9 816
9 867
9 971
9 995
9 1021
9 1109
9 1232
9 1260
9 1289
9 1337
9 1362
9 1386
9 1469
9 1565
9 1568
9 1583
9 1586
9 1689
9 1731
9 1755
9 1762
9 1775
9 1875
9 1998
9 2060
9 2078
9 2149
9 2189
9 2375
9 2477
9 2597
9 2616
9 2669
9 2852
9 2977
9 3021
9 3104
9 3120
9 3125
9 3144
9 3213
9 3374
9 3382
9 3384
9 3508
9 3526
9 3546
9 3558
9 3581
9 3706
9 3773
9 3799
9 3811
9 3961
9 4104
9 4154
9 4187
9 4386
9 4522
9 4604
9 4636
9 4799
9 4890
9 4898
9 4902
9 4903
9 4989
9 4825
9 2695
9 3472
9 1377
9 2175
9 3000
9 3956
9 4034
9 275
9 2551
9 99
9 1413
9 1412
9 472
9 1203
9 2713
9 1627
9 669
9 4122
9 4815
9 4798
9 3930
9 912
9 3524
9 1064
9 1966
9 3240
9 220
9 276
9 1225
9 2444
9 648
9 227
9 4723
9 3437
9 19
9 1488
9 13
9 2559
9 3155
10 38
10 97
10 146
10 264
10 400
10 405
10 419
10 580
10 736
10 737
10 824
10 845
10 880
10 976
10 1030
10 1108
10 1122
10 1467
10 1499
10 1601
10 1710
10 1838
10 1839
10 2076
10 2098
10 2343
10 2393
10 2419
10 2426
10 2480
10 2667
10 2869
10 2877
10 2911
10 2973
10 3058
10 3260
10 3338
10 3341
10 3402
10 3495
10 3528
10 3580
10 3707
10 3758
10 3769
10 3778
10 3884
10 3905
10 4043
10 4232
10 4236
10 4237
10 4385
10 4422
10 4463
10 4561
10 4690
10 4702
10 4704
10 4764
10 4821
10 4843
10 4882
10 4309
10 249
10 2428
10 1698
10 1687
10 4154
10 294
10 2328
10 617
10 4851
10 1616
10 4298
10 1268
10 4080
10 1813
10 1913
10 3951
10 25
10 4788
10 2812
10 4721
10 1961
10 2647
10 2884
10 3202
10 1480
10 552
10 2346
10 3079
10 4115
10 3667
10 1318
10 1238
10 2681
10 3881
10 182
10 1295
10 1035
10 4292
10 4781
10 4277
10 3902
10 963
10 124
10 4826
10 2686
10 457
11 37
11 84
11 114
11 195
11 292
11 597
11 614
11 623
11 719
11 749
11 783
11 837
11 858
11 885
11 923
11 1017
11 1249
11 1336
11 1357
11 1506
11 1540
11 1543
11 1569
11 1652
11 1758
11 1769
11 1772
11 1783
11 1820
11 1913
11 1989
11 2119
11 2243
11 2356
11 2357
11 2454
11 2632
11 2661
11 2726
11 2833
11 2840
11 2844
11 2893
11 3002
11 3007
11 3132
11 3189
11 3199
11 3316
11 3493
11 3575
11 3621
11 3691
11 3848
11 3852
11 3920
11 3928
11 4062
11 4089
11 4290
11 4326
11 4338
11 4580
11 4581
11 4688
11 4836
11 4960
11 4979
11 12
11 330
11 794
11 4467
11 2405
11 3837
11 668
11 3903
11 104
11 1272
11 3598
11 1636
11 405
11 297
11 296
11 2901
11 2747
11 383
11 2285
11 3618
11 4108
11 572
11 2920
11 1887
11 2796
11 1889
11 314
11 2882
11 3043
11 2215
11 4226
11 1760
12 323
12 394
12 451
12 489
12 635
12 690
12 841
12 1156
12 1322
12 1367
12 1394
12 1428
12 1581
12 1587
12 1624
12 1729
12 1744
12 1810
12 1945
12 1983
12 2104
12 2157
12 2274
12 2332
12 2385
12 2397
12 2552
12 2596
12 2857
12 2987
12 3035
12 3145
12 3241
12 3365
12 3423
12 3445
12 3490
12 3578
12 3609
12 3935
12 4070
12 4201
12 4297
12 4308
12 4313
12 4322
12 4346
12 4411
12 4509
12 4566
12 4583
12 4743
12 4768
12 285
12 2297
12 4506
12 385
12 4584
12 55
12 1709
12 97
12 4608
12 224
12 751
12 407
12 2026
12 1098
12 2708
12 2927
12 458
12 1892
12 1577
12 100
12 3727
12 1005
12 4235
12 3397
12 181
12 974
12 147
12 4890
12 3246
12 185
12 3657
12 4282
12 1253
12 604
12 736
12 3732
12 4203
12 19
12 294
12 318
12 3735
13 20
13 35
13 39
13 45
13 211
13 234
13 254
13 458
13 493
13 663
13 675
13 950
13 1193
13 1272
13 1443
13 1462
13 1535
13 1566
13 1593
13 1685
13 2203
13 2212
13 2216
13 2244
13 2247
13 2255
13 2360
13 2389
13 2733
13 2755
13 2767
13 2995
13 3061
13 3075
13 3204
13 3277
13 3419
13 3588
13 3716
13 3897
13 4203
13 4328
13 4469
13 4471
13 4497
13 4516
13 4565
13 4652
13 4911
13 4977
13 4067
13 4581
13 2186
13 1463
13 189
13 1819
13 4613
13 2825
13 1333
13 409
13 486
13 265
13 2369
13 874
13 4515
13 772
13 2210
13 3655
13 4729
13 194
13 2228
13 2860
13 3299
13 4405
13 4504
13 2785
13 38
13 4189
13 1117
13 1402
13 1032
13 455
13 1021
13 577
13 56
13 4010
13 788
13 396
14 61
14 75
14 95
14 122
14 256
14 281
14 344
14 411
14 452
14 510
14 713
14 722
14 787
14 1024
14 1028
14 1029
14 1342
14 1438
14 1549
14 1631
14 1704
14 1708
14 1974
14 2128
14 2166
14 2171
14 2208
14 2210
14 2241
14 2277
14 2285
14 2440
14 3081
14 3136
14 3412
14 3592
14 3602
14 3918
14 3919
14 3992
14 4196
14 4303
14 4531
14 4896
14 2574
14 3804
14 3811
14 2349
14 3286
14 4014
14 76
14 1790
14 3531
14 4109
14 4026
14 3349
14 4272
14 2696
14 2790
14 1316
14 2616
14 2326
14 3471
14 2336
14 696
14 3644
14 37
14 4599
14 143
14 4585
14 2003
14 4638
14 4612
14 159
14 979
14 2117
14 4675
14 4256
14 4007
14 4779
14 3163
14 4078
15 50
15 83
15 165
15 193
15 271
15 306
15 372
15 406
15 429
15 471
15 519
15 601
15 712
15 1042
15 1161
15 1366
15 1399
15 1495
15 1525
15 1541
15 1681
15 1793
15 1871
15 1951
15 2034
15 2136
15 2264
15 2340
15 2496
15 2560
15 2574
15 2579
15 2590
15 2629
15 2630
15 2868
15 2900
15 2923
15 2927
15 2957
15 3025
15 3119
15 3124
15 3533
15 3837
15 3843
15 3999
15 4013
15 4049
15 4282
15 4660
15 4845
15 4863
15 810
15 4169
15 1378
15 681
15 41
15 3277
15 2342
15 24
15 386
15 654
15 3034
15 4372
15 2608
15 3223
15 2565
15 267
15 2308
15 2546
15 264
15 2466
15 2922
15 3850
15 2248
15 1135
15 3054
15 4644
16 148
16 160
16 370
16 450
16 543
16 619
16 655
16 699
16 1066
16 1176
16 1231
16 1761
16 1842
16 1962
16 1982
16 2091
16 2141
16 2159
16 2231
16 2872
16 3086
16 3563
16 3909
16 3948
16 4136
16 4139
16 4306
16 4388
16 4515
16 4521
16 4528
16 4529
16 4685
16 4701
16 4792
16 4872
16 4944
16 932
16 4651
16 665
16 516
16 2021
16 140
16 3583
16 84
16 512
16 2096
16 3862
16 2893
16 207
16 1782
16 3038
16 34
16 4663
16 1585
16 3765
16 1894
16 2055
16 4616
16 2199
16 4711
16 3515
16 451
16 739
16 1877
16 4648
16 1067
16 4669
16 4567
16 3211
16 103
16 4748
16 2028
16 4370
16 196
17 330
17 347
17 498
17 569
17 729
17 898
17 916
17 963
17 965
17 1036
17 1269
17 1716
17 1814
17 1914
17 2007
17 2021
17 2043
17 2096
17 2120
17 2283
17 2312
17 2321
17 2491
17 2653
17 3050
17 3053
17 3287
17 3387
17 3431
17 3473
17 3694
17 3820
17 3921
17 4004
17 4059
17 4117
17 4229
17 4608
17 4654
17 4780
17 1547
17 4606
17 443
17 3477
17 1974
17 42
17 4320
17 1550
17 3428
17 3084
17 3404
17 105
17 4427
17 310
17 515
17 1988
17 3825
17 814
17 4587
17 3130
17 2401
17 106
17 1115
17 3343
17 270
17 4447
17 3119
17 1288
17 1298
18 79
18 115
18 273
18 288
18 369
18 392
18 417
18 584
18 799
18 852
18 934
18 997
18 1250
18 1267
18 1455
18 1494
18 1621
18 1661
18 2080
18 2179
18 2248
18 2310
18 2433
18 2564
18 2729
18 2845
18 3001
18 3138
18 3172
18 3237
18 3450
18 3667
18 4406
18 4555
18 4783
18 4932
18 1156
18 4715
18 4485
18 1608
18 3006
18 4677
18 217
18 2062
18 3199
18 1768
18 4728
18 1090
18 1149
18 373
18 3824
18 187
18 3763
18 4571
18 1217
18 92
18 2345
18 1924
18 774
18 20
18 4029
18 3159
18 3812
18 565
19 283
19 415
19 605
19 642
19 657
19 808
19 1170
19 1546
19 1976
19 1994
19 2055
19 2175
19 2217
19 2342
19 2362
19 2384
19 2412
19 2500
19 2625
19 2922
19 2962
19 2996
19 3056
19 3106
19 3152
19 3368
19 3376
19 3503
19 3541
19 3573
19 3697
19 3768
19 3831
19 3849
19 3882
19 3891
19 4041
19 4071
19 4285
19 4419
19 4512
19 4527
19 4530
19 4541
19 4579
19 4752
19 4873
19 4928
19 4963
19 252
19 3878
19 3579
19 25
19 87
19 3629
19 64
19 402
19 617
19 480
19 3486
19 4897
20 124
20 177
20 206
20 301
20 388
20 433
20 457
20 527
20 593
20 727
20 851
20 874
20 893
20 941
20 1152
20 1264
20 1328
20 1515
20 1584
20 1812
20 1929
20 2209
20 2488
20 2758
20 2882
20 2964
20 2967
20 3014
20 3247
20 3369
20 3486
20 3846
20 3936
20 4181
20 4195
20 4618
20 4676
20 4827
20 4850
20 4945
20 1077
20 2654
20 1883
20 1964
20 648
20 380
20 4828
20 3070
20 668
20 3489
20 3351
20 532
20 2388
20 3504
20 802
20 4755
20 307
20 4056
21 44
21 141
21 144
21 191
21 267
21 399
21 1018
21 1179
21 1316
21 1507
21 1633
21 1917
21 2066
21 2197
21 2372
21 2511
21 2644
21 2821
21 2985
21 2989
21 3018
21 3158
21 3160
21 3198
21 3270
21 3657
21 3922
21 4277
21 4526
21 4547
21 4813
21 4926
21 4934
21 2947
21 1239
21 1818
21 3359
21 803
21 296
21 3651
21 2277
21 1617
21 3148
21 412
21 915
21 2499
21 3907
21 1395
21 2302
21 2408
21 977
21 190
21 888
21 3585
21 2421
21 667
21 1369
22 149
22 239
22 284
22 296
22 304
22 361
22 516
22 541
22 865
22 1348
22 1595
22 1634
22 2165
22 2262
22 2351
22 2490
22 2676
22 2777
22 2793
22 3004
22 3320
22 3342
22 3522
22 3742
22 3795
22 4106
22 4164
22 4194
22 4248
22 4667
22 4913
22 4971
22 4915
22 1907
22 1226
22 917
22 4547
22 1633
22 154
22 4270
22 656
22 136
22 392
22 1078
22 4831
22 1985
22 620
22 4410
22 4568
22 1384
22 978
22 1457
22 4686
22 2855
22 4313
22 169
23 42
23 138
23 185
23 220
23 350
23 483
23 731
23 734
23 782
23 815
23 823
23 829
23 926
23 1000
23 1007
23 1051
23 1113
23 1230
23 1826
23 2271
23 3047
23 3279
23 3363
23 3392
23 3461
23 3607
23 3634
23 3635
23 3725
23 3746
23 3792
23 3823
23 3980
23 4048
23 4158
23 4172
23 4205
23 4545
23 4774
23 919
23 322
23 4940
23 1015
23 404
23 385
23 80
23 2129
23 337
23 4269
23 2803
23 1155
23 2634
23 3856
23 1893
23 1436
24 158
24 506
24 520
24 665
24 943
24 1060
24 1126
24 1447
24 1724
24 2032
24 2253
24 2514
24 2609
24 2674
24 2681
24 2700
24 2725
24 2859
24 3166
24 3480
24 3531
24 3733
24 4024
24 4266
24 4439
24 4453
24 4610
24 4666
24 4842
24 2257
24 3720
24 3164
24 3963
24 3495
24 493
24 444
24 2320
24 2741
24 2524
24 330
24 4780
24 48
24 4483
24 3802
24 4839
24 3408
24 2573
24 1996
24 3335
24 774
25 78
25 355
25 366
25 559
25 809
25 897
25 1510
25 1663
25 1675
25 1684
25 1990
25 2074
25 2130
25 2376
25 2786
25 2906
25 2915
25 3060
25 3433
25 3452
25 3819
25 3876
25 4021
25 4238
25 4252
25 4456
25 594
25 195
25 1022
25 347
25 4808
25 30
25 1279
25 2946
25 3179
25 1151
25 2770
25 176
25 4950
25 36
25 2826
25 3705
25 448
25 2169
25 3458
25 3405
25 2188
26 82
26 167
26 231
26 501
26 678
26 696
26 875
26 896
26 947
26 1055
26 1061
26 1146
26 1208
26 1575
26 1655
26 1763
26 1785
26 2137
26 2242
26 2278
26 2599
26 2646
26 3039
26 3488
26 3543
26 3877
26 3885
26 3923
26 4022
26 4067
26 4085
26 4091
26 4369
26 4707
26 3338
26 109
26 3379
26 3153
26 936
26 1172
26 4813
26 4751
26 366
26 2269
26 3225
26 106
26 3778
26 1727
26 2749
27 103
27 126
27 184
27 248
27 311
27 317
27 571
27 607
27 762
27 781
27 993
27 1343
27 1598
27 1754
27 1894
27 2114
27 2168
27 2219
27 2421
27 2933
27 3010
27 3266
27 3637
27 3839
27 3900
27 3901
27 4072
27 1779
27 441
27 4081
27 529
27 4402
27 2275
27 3943
27 2289
27 3230
27 996
27 1502
27 3037
27 225
27 4237
27 2268
27 4861
27 4646
27 1750
27 2462
27 3800
28 802
28 1131
28 1876
28 2121
28 2334
28 2536
28 2619
28 2804
28 2889
28 3078
28 3159
28 3253
28 3729
28 3978
28 3985
28 4134
28 4246
28 4263
28 4296
28 4395
28 4634
28 4695
28 4870
28 1344
28 3042
28 170
28 968
28 3333
28 59
28 4006
28 354
28 1269
28 3616
28 181
28 279
28 2386
28 4266
28 2389
28 4032
28 331
28 458
28 3291
28 1351
28 1208
28 127
28 3621
29 53
29 123
29 166
29 278
29 735
29 817
29 827
29 1310
29 1996
29 2520
29 2685
29 3590
29 3952
29 3955
29 4075
29 4150
29 4366
29 4731
29 4775
29 4980
29 2715
29 2795
29 1120
29 186
29 533
29 1733
29 4489
29 2511
29 4794
29 871
29 3591
29 3968
29 2088
29 289
29 103
29 1048
29 729
29 3932
29 2907
29 4178
29 2334
29 1537
30 203
30 259
30 353
30 436
30 462
30 739
30 853
30 883
30 994
30 1147
30 1391
30 2418
30 2506
30 2550
30 2583
30 2642
30 2694
30 2769
30 2934
30 3012
30 3029
30 3153
30 3304
30 3354
30 3496
30 3534
30 3844
30 4077
30 4167
30 4222
30 4572
30 4673
30 4877
30 3957
30 4874
30 626
30 893
30 2477
30 2760
30 858
30 3260
31 287
31 332
31 583
31 641
31 772
31 1078
31 1084
31 1286
31 1874
31 2626
31 3149
31 3390
31 3644
31 4054
31 238
31 1271
31 3671
31 1009
31 1999
31 2090
31 2817
31 3322
31 405
31 4888
31 2167
31 377
31 4374
31 4829
31 4023
31 759
31 1844
31 151
31 4259
31 579
31 901
31 4586
31 734
31 2844
31 4690
31 2153
32 183
32 260
32 536
32 557
32 578
32 598
32 698
32 1298
32 1354
32 1376
32 2153
32 2588
32 2605
32 3645
32 3688
32 3709
32 3879
32 4407
32 4709
32 320
32 433
32 2010
32 499
32 421
32 2052
32 2821
32 41
32 3725
32 248
32 4692
32 1742
32 245
32 1991
32 4232
32 3342
32 4429
32 673
32 4401
33 190
33 215
33 378
33 716
33 766
33 812
33 917
33 1034
33 1482
33 1746
33 2471
33 2543
33 2677
33 3313
33 3475
33 3675
33 3754
33 3998
33 4312
33 4359
33 4582
33 4938
33 3380
33 285
33 471
33 3447
33 4303
33 329
33 3836
33 1952
33 861
33 118
33 3433
33 4156
33 3917
33 4158
33 3100
34 152
34 229
34 266
34 395
34 473
34 881
34 928
34 1241
34 1756
34 1999
34 3110
34 3932
34 4396
34 4421
34 1057
34 883
34 297
34 3880
34 2094
34 1648
34 3625
34 853
34 499
34 2008
34 2673
34 2461
34 2547
34 2231
34 4909
34 574
34 3222
34 2840
34 149
34 4368
34 861
34 380
34 116
34 2739
35 69
35 131
35 180
35 244
35 474
35 866
35 1023
35 1132
35 1257
35 1388
35 1740
35 2470
35 2569
35 3118
35 3150
35 3221
35 3340
35 4169
35 4461
35 1598
35 855
35 835
35 1908
35 4422
35 366
35 453
35 2223
35 2693
35 3889
35 3646
35 49
35 552
35 2181
35 3474
35 4195
35 394
36 237
36 465
36 849
36 1665
36 1799
36 2160
36 2316
36 2364
36 2414
36 2752
36 2772
36 2797
36 2814
36 2899
36 2968
36 3373
36 3383
36 3467
36 3551
36 4029
36 4102
36 4111
36 587
36 411
36 219
36 3885
36 316
36 4589
36 803
36 2034
36 141
36 595
36 4919
36 3770
36 797
36 1623
37 326
37 545
37 645
37 1248
37 1533
37 1589
37 1659
37 1806
37 1934
37 2290
37 2379
37 2718
37 3062
37 3427
37 3443
37 3682
37 4034
37 4320
37 4640
37 4952
37 810
37 4561
37 2424
37 4305
37 2136
37 465
37 968
37 3982
37 2707
37 1031
37 4417
37 972
37 3550
37 4263
38 1192
38 1268
38 1816
38 2089
38 2403
38 2697
38 3366
38 3559
38 3797
38 3863
38 3949
38 4424
38 4626
38 4715
38 4891
38 3676
38 570
38 2098
38 4918
38 4201
38 947
38 4242
38 1383
38 1221
38 2797
38 4369
38 1347
38 1654
38 3064
38 1448
38 128
38 1842
38 2906
39 318
39 959
39 1003
39 1096
39 1262
39 1576
39 2423
39 2678
39 3003
39 3116
39 3207
39 3255
39 3569
39 4256
39 4288
39 4311
39 4360
39 4511
39 4672
39 4260
39 1712
39 439
39 4033
39 4399
39 4920
39 1761
39 1462
39 2024
39 860
39 92
39 2765
39 3259
40 258
40 316
40 416
40 454
40 1393
40 1446
40 1611
40 1692
40 2135
40 2556
40 3379
40 3391
40 3629
40 4124
40 4468
40 150
40 4375
40 3611
40 1204
40 4672
40 383
40 3664
40 979
40 815
40 545
40 4740
40 3279
40 313
40 911
40 593
40 926
40 3829
40 988
40 210
41 227
41 876
41 1155
41 1570
41 1784
41 1801
41 1848
41 1948
41 2286
41 3083
41 3282
41 3687
41 3713
41 3765
41 3840
41 3989
41 4030
41 4642
41 4678
41 4755
41 4828
41 1017
41 2738
41 744
41 2940
41 4653
41 429
41 297
41 2207
42 373
42 664
42 1041
42 1073
42 1184
42 2013
42 2348
42 2993
42 3206
42 3808
42 4020
42 4575
42 4779
42 4956
42 1689
42 1380
42 1033
42 3195
42 3493
42 2059
42 3813
42 4212
42 2890
42 944
42 4437
42 287
42 1678
42 4528
42 4681
42 224
42 164
43 649
43 836
43 1251
43 1765
43 1834
43 2647
43 2654
43 2835
43 3359
43 3489
43 3504
43 3636
43 3967
43 4981
43 436
43 4745
43 1525
43 3382
43 1692
43 3978
43 3638
43 97
43 125
43 1476
43 356
43 4234
43 161
43 792
43 1701
43 2310
43 2122
43 809
44 102
44 313
44 423
44 610
44 1001
44 2200
44 2366
44 2406
44 2439
44 2442
44 2524
44 3553
44 4851
44 338
44 2853
44 2266
44 2528
44 2190
44 4149
44 580
44 1823
44 1982
44 4508
44 670
44 3326
44 1118
44 2234
44 1495
44 1655
44 181
44 386
45 563
45 879
45 1479
45 1558
45 1590
45 1600
45 1862
45 2161
45 2745
45 2897
45 3516
45 3614
45 4447
45 4495
45 4125
45 1979
45 2455
45 574
45 2048
45 2628
45 308
45 3415
45 789
45 1990
45 2137
45 3080
45 187
45 3181
45 863
46 505
46 998
46 1436
46 1559
46 1888
46 1930
46 2041
46 2304
46 2720
46 3046
46 3087
46 3399
46 3509
46 3966
46 4531
46 3545
46 1972
46 2682
46 1949
46 190
46 296
46 2426
46 3374
46 2594
46 4784
46 136
46 4224
46 303
46 273
46 929
47 796
47 1118
47 2734
47 3903
47 4914
47 1773
47 3898
47 656
47 2928
47 130
47 3288
47 2458
47 954
47 88
47 4900
47 1335
47 174
47 2779
47 1478
47 165
47 1581
47 4254
47 298
47 4684
47 2659
47 4088
47 2092
47 422
48 738
48 838
48 850
48 1496
48 2409
48 2441
48 2595
48 2747
48 3022
48 3165
48 3190
48 3708
48 4095
48 4198
48 4208
48 4333
48 4756
48 129
48 3776
48 2475
48 3773
48 250
48 1710
48 3820
48 2579
48 4117
48 1570
49 561
49 1346
49 1466
49 1627
49 1719
49 2138
49 2148
49 2315
49 2352
49 2508
49 2540
49 2765
49 2949
49 2969
49 3249
49 3556
49 3678
49 4399
49 4570
49 4942
49 3012
49 509
49 3313
49 269
49 2838
49 3106
50 297
50 1281
50 1733
50 2531
50 2953
50 3268
50 3802
50 3888
50 4470
50 4805
50 4096
50 414
50 4144
50 3236
50 1927
50 2706
50 792
50 2025
50 103
50 3344
50 295
50 4887
50 553
50 441
50 199
50 669
50 4637
51 280
51 367
51 385
51 847
51 1163
51 1449
51 2199
51 2215
51 2327
51 2333
51 2432
51 3785
51 4598
51 4696
51 4735
51 4769
51 4901
51 4344
51 1396
51 4482
51 3703
51 2353
51 3309
51 1305
51 1875
51 1176
52 1004
52 1172
52 1219
52 1649
52 2649
52 2919
52 2925
52 3233
52 3698
52 4145
52 4161
52 4750
52 2415
52 677
52 3434
52 1661
52 4511
52 1056
52 1573
52 565
52 628
52 1684
52 982
52 138
52 2805
52 194
52 1968
53 289
53 437
53 935
53 1044
53 1136
53 1459
53 2062
53 2266
53 2515
53 3041
53 3064
53 3217
53 4514
53 4635
53 4749
53 4810
53 2450
53 978
53 282
53 57
53 714
53 711
53 540
53 4763
53 2258
54 397
54 2546
54 3673
54 4335
54 4464
54 4929
54 236
54 921
54 3961
54 4291
54 1569
54 251
54 1731
54 402
54 123
54 4804
54 4200
54 2622
54 2651
54 307
54 2298
54 1138
54 2657
54 427
54 4852
54 4250
55 151
55 375
55 944
55 2036
55 3180
55 3448
55 3617
55 4241
55 4754
55 4091
55 3564
55 702
55 622
55 2433
55 3549
55 2220
55 442
55 3701
55 751
55 2543
55 3039
55 2131
55 1526
55 4342
55 4316
56 99
56 216
56 2776
56 3865
56 4109
56 4538
56 4689
56 1372
56 844
56 4356
56 1467
56 2532
56 4797
56 4916
56 4904
56 512
56 314
56 482
56 246
56 2337
56 987
56 3069
56 3423
57 547
57 988
57 1228
57 1229
57 1306
57 1492
57 1527
57 2193
57 3297
57 3349
57 3593
57 4272
57 2049
57 2606
57 3974
57 694
57 2472
57 1993
57 4701
57 4856
57 1494
57 4398
58 951
58 1056
58 1739
58 3740
58 3868
58 4152
58 4176
58 1240
58 769
58 3273
58 4428
58 1609
58 4236
58 3465
58 890
58 2043
58 3863
58 4744
58 489
58 221
58 3993
58 184
58 2239
58 4492
59 255
59 697
59 791
59 813
59 1223
59 1669
59 2551
59 3128
59 3335
59 3926
59 3996
59 4147
59 4569
59 4267
59 735
59 3271
59 3091
59 278
59 2995
59 2780
59 4463
59 4926
59 3594
60 305
60 653
60 1015
60 1020
60 1130
60 1196
60 1430
60 2132
60 2392
60 2417
60 2475
60 2650
60 3476
60 4197
60 4310
60 4617
60 4875
60 4113
60 2205
60 518
60 2130
60 121
61 290
61 352
61 618
61 761
61 1379
61 1437
61 1523
61 1613
61 1678
61 1768
61 2061
61 2182
61 2575
61 2853
61 3720
61 3744
61 3939
61 4416
61 4908
61 1283
61 2899
62 178
62 621
62 966
62 2999
62 3866
62 4450
62 4588
62 749
62 292
62 1780
62 437
62 862
62 2670
62 483
62 4472
62 1169
62 235
62 1745
62 3156
62 212
62 4241
62 885
63 96
63 213
63 337
63 521
63 785
63 843
63 1142
63 1171
63 1524
63 2338
63 2826
63 3200
63 4653
63 125
63 2992
63 3298
63 471
63 3375
63 4494
63 4231
63 264
63 520
64 136
64 155
64 826
64 862
64 909
64 1103
64 2097
64 2390
64 2710
64 3845
64 4249
64 4663
64 4906
64 174
64 4084
64 1829
64 1963
64 4146
64 2083
64 194
64 630
65 499
65 680
65 834
65 1941
65 1975
65 1985
65 3131
65 3307
65 3444
65 4018
65 4585
65 4947
65 3327
65 1607
65 105
65 4102
65 4858
65 1137
65 3189
65 2276
65 183
65 2154
66 67
66 544
66 617
66 1144
66 1211
66 1517
66 2173
66 2631
66 3684
66 4415
66 4615
66 4829
66 4994
66 3385
66 1200
66 113
66 289
66 4058
66 2540
66 3537
66 4757
67 153
67 200
67 1183
67 2447
67 3434
67 263
67 4103
67 463
67 2970
67 2720
67 785
67 2783
67 3320
67 4845
67 3792
67 4064
67 537
67 3883
67 4153
67 3685
67 158
68 628
68 864
68 1047
68 1255
68 1509
68 1614
68 2030
68 2156
68 2205
68 2687
68 3072
68 3447
68 3851
68 4637
68 4645
68 208
68 1543
68 496
68 3256
68 3946
68 2261
69 556
69 581
69 1435
69 2010
69 2813
69 3299
69 199
69 2255
69 1403
69 195
69 83
69 1458
69 1069
69 1442
69 2014
69 432
69 3365
69 2058
69 4206
69 4425
69 3409
70 435
70 529
70 1397
70 2023
70 2604
70 4796
70 2420
70 3750
70 2704
70 3835
70 1247
70 3570
70 1161
70 2539
70 879
70 340
70 3464
70 1619
70 4002
70 2314
71 616
71 1668
71 1840
71 4628
71 4650
71 1309
71 766
71 1632
71 1776
71 579
71 2672
71 4406
71 2064
71 456
71 3947
71 918
71 3066
72 236
72 1039
72 1429
72 1961
72 3695
72 3794
72 408
72 4894
72 3304
72 946
72 4099
72 2562
72 998
72 2978
72 3112
72 641
72 353
72 430
72 4441
72 4262
73 585
73 752
73 927
73 1497
73 2162
73 2507
73 2730
73 928
73 916
73 182
73 1721
73 2637
73 260
73 2027
73 3976
73 4750
73 2568
73 2745
73 1947
73 1047
74 275
74 979
74 2084
74 2717
74 2887
74 2929
74 3032
74 3280
74 3515
74 3548
74 4639
74 4961
74 4965
74 3124
74 263
74 3546
74 4895
74 4688
74 2919
75 85
75 1125
75 1636
75 1813
75 2405
75 1778
75 4596
75 558
75 4322
75 1938
75 4903
75 635
75 3491
75 2567
75 814
75 2762
75 216
75 2126
76 274
76 891
76 2305
76 1000
76 1042
76 2095
76 779
76 2251
76 1050
76 416
76 1157
76 2381
76 347
76 1011
76 1885
76 4574
77 163
77 624
77 1522
77 1947
77 2445
77 3389
77 3963
77 4000
77 4092
77 4118
77 4465
77 4716
77 4988
77 3381
77 4783
77 554
77 3819
77 474
78 174
78 245
78 839
78 1701
78 2192
78 2220
78 2487
78 3236
78 3939
78 827
78 642
78 3508
78 4326
78 4497
78 2959
78 1850
78 687
78 2505
78 290
79 587
79 1308
79 1406
79 1605
79 2099
79 2549
79 2722
79 3044
79 3833
79 3968
79 4871
79 409
79 1471
79 3019
79 1752
79 3864
79 4580
79 708
80 1221
80 1311
80 3224
80 3719
80 4418
80 4557
80 4567
80 2525
80 761
80 1749
80 2105
80 1833
80 4076
80 281
80 279
80 415
81 1059
81 1486
81 2113
81 3426
81 4371
81 4372
81 744
81 3350
81 1645
81 3758
81 264
81 2491
81 439
81 3632
81 4082
81 1814
81 2829
81 3186
82 868
82 871
82 1859
82 1920
82 1956
82 2656
82 2707
82 3650
82 3665
82 4255
82 4323
82 4409
82 4487
82 4897
82 4754
82 831
82 4184
82 576
83 753
83 886
83 1484
83 2014
83 3487
83 4402
83 4434
83 231
83 2354
83 4843
83 4275
83 996
83 4844
83 545
83 4510
83 2467
83 581
84 279
84 1476
84 1870
84 3951
84 4045
84 4398
84 4761
84 589
84 144
84 3652
84 4268
84 446
84 3063
84 3334
84 2398
84 2180
84 392
85 721
85 1090
85 2260
85 3143
85 3620
85 1311
85 663
85 88
85 222
85 3048
85 317
85 1589
85 4294
85 502
85 1213
85 455
86 460
86 1323
86 2842
86 2921
86 2955
86 3048
86 3192
86 3469
86 4071
86 2945
86 2973
86 2198
86 3630
86 4139
86 233
86 4059
86 1472
87 300
87 1883
87 3500
87 3681
87 3861
87 128
87 991
87 3795
87 3940
87 3910
87 4253
87 3624
87 2667
87 1277
87 438
87 1360
88 331
88 568
88 811
88 1072
88 1273
88 1334
88 1658
88 3350
88 3411
88 4017
88 4084
88 4912
88 1910
88 847
89 1643
89 1648
89 1670
89 2142
89 3364
89 4976
89 676
89 1788
89 4884
89 1256
89 4809
89 1267
89 4430
89 3895
89 1699
89 3741
89 3751
90 285
90 574
90 662
90 730
90 1747
90 1950
90 2102
90 3638
90 786
90 3400
90 4621
90 4602
90 4665
90 2605
90 3160
90 4767
90 1624
91 233
91 379
91 562
91 613
91 763
91 2429
91 2623
91 2648
91 2892
91 3079
91 3953
91 4304
91 2077
91 616
91 2443
92 1592
92 1868
92 2155
92 2639
92 2974
92 3197
92 4012
92 4558
92 240
92 3310
92 2288
92 4703
92 1073
92 4245
93 590
93 777
93 1307
93 1439
93 1965
93 2701
93 3345
93 4143
93 3058
93 669
93 2141
93 4127
93 4172
93 2338
93 2327
93 4694
94 647
94 906
94 2345
94 2416
94 2617
94 3013
94 4885
94 2148
94 3190
94 3280
94 191
94 2384
94 3807
94 3749
95 1102
95 2223
95 2903
95 2991
95 3215
95 3261
95 3981
95 4110
95 3398
95 4047
95 208
95 127
95 543
95 4366
96 1114
96 1140
96 1519
96 4420
96 2533
96 1042
96 740
96 529
96 4040
96 1867
96 438
96 4867
96 2108
96 399
96 476
96 2891
97 579
97 877
97 1349
97 1922
97 2238
97 3129
97 3976
97 953
97 2481
97 347
97 2213
97 3915
97 2173
98 247
98 651
98 803
98 940
98 1210
98 1325
98 2228
98 2317
98 2690
98 3082
98 3191
98 4717
98 4937
98 1145
98 2489
99 534
99 2261
99 4451
99 348
99 1695
99 462
99 309
99 238
99 1456
99 170
99 913
99 942
99 3182
99 851
100 469
100 1623
100 2513
100 4777
100 4841
100 1586
100 1953
100 989
100 661
100 4945
100 2047
100 4807
100 3582
100 3243
101 243
101 604
101 1398
101 4163
101 424
101 1464
101 4315
101 4491
101 2757
101 3923
101 121
101 1521
101 4712
101 4896
101 3245
102 920
102 1123
102 1127
102 2075
102 3051
102 3862
102 3924
102 2412
102 1177
102 4834
102 1973
102 4160
102 3191
102 894
103 549
103 1194
103 2839
103 270
103 2566
103 201
103 813
103 120
103 3772
104 2082
104 2576
104 3167
104 1662
104 2219
104 2247
104 984
104 2589
104 4739
104 206
104 1821
104 4557
104 1792
105 1295
105 1664
105 3784
105 1556
105 4518
105 1182
105 1364
105 1552
105 501
105 4628
105 559
106 1074
106 1538
106 3491
106 3836
106 4893
106 111
106 2549
106 3997
106 152
106 876
106 1520
106 1353
107 1220
107 1235
107 2022
107 2854
107 3579
107 881
107 2722
107 2916
107 731
107 2132
107 1150
107 3096
107 2063
108 225
108 4114
108 4403
108 3396
108 839
108 338
108 4902
108 4396
108 1096
108 3679
108 832
108 889
108 768
108 906
109 659
109 711
109 1080
109 1411
109 1424
109 1440
109 1915
109 2222
109 2232
109 2737
109 4393
109 3242
109 2311
110 312
110 1033
110 1849
110 2708
110 2751
110 3470
110 4330
110 1196
110 2440
110 1694
110 4265
110 393
110 3353
111 214
111 464
111 542
111 786
111 958
111 1502
111 1725
111 2679
111 2915
111 4464
111 4133
111 2035
111 1029
112 1031
112 1112
112 3330
112 3647
112 299
112 2270
112 3575
112 1943
112 1051
112 821
112 1932
112 2892
113 970
113 1064
113 1604
113 2374
113 2528
113 2789
113 3123
113 4319
113 4810
113 3985
113 808
113 394
113 4057
114 1612
114 1820
114 4358
114 4924
114 804
114 586
114 1099
114 3605
114 3208
114 701
114 3816
114 3944
115 2862
115 2928
115 4064
115 3161
115 4414
115 4131
115 3535
115 333
115 4649
115 255
115 4022
115 2182
115 2837
116 1167
116 1247
116 1577
116 1751
116 2125
116 3440
116 3462
116 3693
116 3748
116 4345
116 4742
116 2413
117 2774
117 3352
117 4397
117 4869
117 1740
117 3369
117 4470
117 4476
117 695
117 737
117 4885
117 4822
117 4551
118 764
118 1855
118 2218
118 3181
118 3954
118 4940
118 717
118 788
118 1144
118 1873
118 3210
118 1922
119 828
119 903
119 1085
119 1206
119 1278
119 1304
119 3043
119 3875
119 4053
119 4458
120 769
120 3310
120 4546
120 2041
120 776
120 773
120 2581
120 4039
120 3501
120 1527
120 938
120 1755
121 654
121 1918
121 2831
121 3088
121 4560
121 4682
121 572
121 2933
121 4582
121 3082
122 2538
122 3353
122 4212
122 4315
122 4675
122 399
122 425
122 4548
122 763
122 4471
122 3609
122 342
123 794
123 2547
123 4860
123 3005
123 503
123 1036
123 4498
123 4286
123 2299
123 613
123 161
124 2059
124 3856
124 3972
124 4138
124 3527
124 1350
124 4753
124 3704
124 2990
124 3614
124 1371
125 768
125 1174
125 2344
125 2702
125 3019
125 2938
125 530
125 959
125 667
126 1205
126 2823
126 2998
126 3596
126 4592
126 902
126 2274
126 4835
126 3760
126 1601
126 2699
127 661
127 2755
127 3989
127 480
127 4882
127 4191
127 2721
127 4389
127 330
128 3196
128 1915
128 4188
128 2473
128 3866
128 2971
128 3805
128 674
128 2187
128 1220
129 636
129 542
129 740
129 306
129 3378
129 2658
129 1105
129 3287
129 521
129 510
129 2191
130 1344
130 2314
130 3964
130 4141
130 4959
130 3406
130 2740
130 4104
130 4112
130 4866
131 2226
131 2537
131 2652
131 4859
131 1021
131 2645
131 2675
131 4248
131 4362
131 1228
131 3049
131 1646
132 1320
132 2112
132 2802
132 4157
132 840
132 2053
132 3764
132 1112
132 205
132 846
132 4442
133 674
133 1487
133 2127
133 3979
133 3987
133 3200
133 4300
133 2469
133 143
133 4764
133 627
133 2316
134 892
134 1365
134 2895
134 3655
134 1446
134 1906
134 2552
134 4295
134 853
134 4758
135 905
135 1822
135 2518
135 2759
135 2858
135 4481
135 4679
135 1373
135 3563
135 1087
135 1191
136 552
136 1686
136 1887
136 2019
136 2040
136 3243
136 207
136 1664
136 2942
137 199
137 322
137 2539
137 4483
137 4519
137 2402
137 1076
137 2254
137 1762
137 3114
138 2937
138 4544
138 562
138 934
138 914
138 215
138 265
138 1060
138 3865
138 3101
139 1402
139 3586
139 3790
139 660
139 3498
139 1100
139 4074
139 1063
139 4165
139 1951
139 3403
140 189
140 586
140 2424
140 3085
140 4342
140 4735
140 790
140 608
141 491
141 558
141 1239
141 2178
141 3154
141 3332
141 3506
141 1493
141 4811
142 830
142 1728
142 3623
142 2734
142 525
142 675
142 2471
142 4166
142 1054
142 2104
142 679
143 704
143 1318
143 2407
143 3322
143 1945
143 3414
143 3738
143 3436
143 1262
144 3751
144 1878
144 1174
144 1757
144 2824
144 3839
144 2067
144 321
144 4526
144 4311
145 358
145 2581
145 3975
145 4240
145 4513
145 4987
145 221
145 710
145 2536
145 1065
145 3684
146 3850
146 488
146 188
146 773
146 325
146 276
146 1127
146 269
147 1256
147 1893
147 3356
147 4729
147 273
147 2852
147 4640
147 309
147 3959
148 789
148 1468
148 4003
148 4338
148 365
148 3490
148 3981
148 2569
148 3510
148 1299
148 370
149 2557
149 4844
149 4736
149 2629
149 3596
149 4380
149 4450
149 955
149 4705
149 261
150 1760
150 2566
150 611
150 1824
150 4493
150 2576
150 992
150 655
150 1769
150 492
151 1674
151 1730
151 3235
151 3832
151 469
151 639
151 3996
151 647
152 2341
152 2902
152 549
152 4864
152 709
152 819
152 238
152 2012
152 1307
153 1212
153 1714
153 4946
153 2752
153 553
153 2193
153 4354
153 4377
153 3756
153 237
154 308
154 2743
154 3904
154 4698
154 4193
154 3144
154 2917
154 1840
155 1076
155 1465
155 4600
155 4246
155 2451
155 3255
155 3014
155 1340
155 4532
155 4328
156 700
156 1057
156 1317
156 1381
156 2106
156 2367
156 2975
156 3418
156 3896
157 1168
157 3226
157 3253
157 1045
157 2015
157 3818
157 3754
157 1076
157 276
158 461
158 1971
158 3045
158 4596
158 4387
158 2832
158 1561
158 1800
159 1483
159 1780
159 747
159 3790
159 1244
159 4329
159 4290
159 3068
159 4795
160 3175
160 3242
160 3576
160 4379
160 4578
160 2597
160 392
160 1811
160 4514
161 887
161 2365
161 3737
161 4604
161 178
161 1025
161 4627
161 479
162 1369
162 1560
162 1711
162 1771
162 2977
162 4444
162 3565
162 2603
163 3562
163 4459
163 2527
163 3257
163 193
163 215
163 1781
163 3373
163 226
164 533
164 1901
164 3108
164 3867
164 3599
164 4334
164 570
164 4318
165 4389
165 422
165 906
165 2323
165 2921
165 1003
165 2301
165 4770
165 287
166 2140
166 4699
166 3453
166 2267
166 4055
166 3233
166 2520
166 395
167 2673
167 3930
167 689
167 290
167 3589
167 1477
167 3803
167 4773
167 4674
168 1134
168 2402
168 3063
168 4387
168 4452
168 4517
168 778
169 1872
169 2727
169 3174
169 4804
169 4923
169 2577
169 770
169 2237
170 3752
170 4950
170 1626
170 2229
170 2778
170 3050
170 902
171 1792
171 593
171 3178
171 4151
171 2352
171 4388
171 1965
171 3022
171 185
172 1939
172 2819
172 2726
172 3412
172 4458
172 760
172 2596
172 2400
172 360
173 179
173 2577
173 2735
173 456
173 2244
173 3329
173 1128
173 3426
174 1100
174 1797
174 2571
174 3319
174 4601
174 4785
174 3513
175 3566
175 4179
175 2101
175 1390
175 4046
175 2156
175 468
175 2976
175 420
176 589
176 1157
176 4704
176 311
176 429
176 3168
176 2018
177 724
177 1419
177 3656
177 3216
177 1070
177 3973
177 2240
177 633
177 1630
178 4390
178 2966
178 1942
178 960
178 542
178 4901
178 988
179 689
179 2891
179 3545
179 1474
179 4222
179 1259
179 4021
179 4431
179 1582
180 919
180 3205
180 3211
180 3619
180 1433
180 742
180 727
181 2495
181 4065
181 3660
181 1411
181 3860
181 4308
182 1417
182 813
182 1837
182 396
182 1216
182 1342
183 1884
183 3674
183 4204
183 3913
183 1264
183 1212
183 720
183 4639
184 1195
184 1571
184 3222
184 3606
184 4550
184 375
184 2541
184 4923
185 1067
185 3283
185 262
185 3265
185 2944
185 4880
185 434
186 2054
186 2081
186 3582
186 4887
186 657
186 492
186 217
186 1890
187 3399
187 1809
187 4578
187 1516
187 2793
187 1738
187 3832
188 1574
188 1776
188 3096
188 4035
188 4291
188 4935
188 3810
188 4540
189 537
189 1335
189 4633
189 223
189 2144
189 214
189 2497
189 1084
190 751
190 1900
190 4151
190 4202
190 3817
190 1944
191 4116
191 1568
191 2465
191 3988
191 1421
191 4539
191 200
192 1111
192 4446
192 957
192 1652
192 2733
192 3669
192 876
193 2680
193 3987
193 3275
193 1341
193 1571
193 2578
193 2993
194 1403
194 1475
194 2011
194 2453
195 2172
195 1975
195 802
195 3258
195 2956
195 4910
196 945
196 3633
196 4469
196 3608
196 756
196 2979
196 712
197 2117
197 3343
197 910
197 2051
197 305
197 611
197 2056
198 1642
198 2863
198 4613
198 1651
198 540
198 2534
198 328
198 4708
199 1048
199 3739
199 681
199 3762
199 818
200 4305
200 4665
200 3954
200 1424
200 3044
200 1030
200 885
201 4493
201 3138
201 2813
201 1946
201 2486
202 3017
202 4339
202 2887
202 1901
202 4709
202 787
203 797
203 1087
203 1474
203 3749
203 3807
203 4449
203 3226
204 3176
204 3817
204 1069
204 4865
204 1545
204 2286
204 3775
204 1224
205 3351
205 3497
205 3263
205 3867
205 2727
205 3499
205 921
206 414
206 1795
206 3814
206 4215
206 4904
206 1404
207 2908
207 3071
207 4103
207 1613
207 2066
207 1622
208 2267
208 2584
208 2738
208 4197
208 2023
209 1280
209 2371
209 4145
209 312
209 2376
209 787
209 1184
209 4527
210 2806
210 3033
210 3334
210 4216
210 592
210 2183
210 590
211 733
211 532
211 3196
211 974
211 4544
211 2493
211 1509
211 1025
212 2930
212 4495
212 1693
212 622
212 4734
212 780
213 463
213 494
213 528
213 2100
213 2337
213 4206
213 641
214 1453
214 371
214 3607
214 924
214 2069
214 3868
214 929
215 2229
215 3094
215 3010
215 3136
215 564
215 3314
216 622
216 4708
216 578
216 1722
216 3090
216 4667
217 2001
217 3437
217 3806
217 2335
217 612
218 3422
218 4673
218 3838
218 3427
218 4566
218 1827
218 3109
219 3931
219 4467
219 4631
219 259
219 3700
219 1756
220 439
220 1406
220 2794
220 4068
221 1138
221 1679
221 4786
221 3468
221 1810
222 2463
222 2498
222 1519
222 3451
222 3143
222 3494
223 1050
223 3849
223 1425
223 4255
224 4405
224 2905
224 3905
224 1229
224 1016
225 357
225 2170
225 2760
225 598
225 4162
225 784
226 1645
226 1289
226 1422
226 1808
226 356
226 272
227 268
227 1226
227 3254
227 3899
227 4053
227 4244
228 3173
228 3318
228 1785
228 739
228 469
229 1846
229 3658
229 3764
229 4823
229 2392
229 2416
229 484
230 2545
230 860
230 4592
230 800
230 368
230 1998
230 3341
231 1408
231 3466
231 4250
231 3723
231 1784
231 2656
232 1341
232 2484
232 4247
232 4818
232 1123
232 659
232 944
233 3295
233 1541
233 2217
233 4931
233 2954
234 509
234 4589
234 4819
234 3152
234 2680
234 1679
234 1452
235 1973
235 2565
235 3662
235 3925
235 4931
236 2287
236 3347
236 3872
236 4730
236 1551
236 1860
237 2612
237 1097
237 3560
237 2911
237 1131
237 2241
238 2401
238 4332
238 1491
239 1880
239 3552
239 591
239 3087
239 4800
239 377
240 907
240 2587
240 4648
240 4925
240 4190
240 1124
241 4556
241 1036
241 2684
241 1865
241 1441
241 297
241 693
242 805
242 1861
242 2832
242 4173
242 1160
242 4137
242 4727
243 1607
243 2482
243 1475
243 999
243 4552
243 760
243 3183
244 3306
244 4868
244 2347
244 1498
244 1903
244 3362
244 3847
245 380
245 3339
245 3986
245 412
245 4198
245 4327
246 1726
246 2479
246 3649
246 2588
246 1777
246 4110
247 822
247 1779
247 2318
247 3047
247 4863
247 448
248 569
248 2082
248 2513
248 1417
248 1006
248 2685
249 2359
249 4027
249 697
249 450
249 706
249 578
250 2202
250 3424
250 3512
250 1414
250 1354
250 2617
251 1737
251 1257
251 4936
251 4565
251 2044
251 2865
252 4721
252 2666
252 2121
252 3661
252 1389
252 3459
253 3049
253 4301
253 4827
253 3970
253 643
253 1882
253 4333
254 1923
254 2139
254 3689
254 4619
254 4772
254 3931
254 1048
255 2502
255 2881
255 3796
255 870
256 2730
256 2854
256 290
256 1114
256 1286
256 3165
257 913
257 1770
257 2742
257 2033
257 891
257 1869
258 4214
258 3900
258 4630
258 3024
258 3781
258 691
259 3099
259 2897
259 604
259 1612
260 4738
260 2179
260 782
260 4018
260 3228
261 1218
261 2799
261 4380
262 2097
262 866
262 4929
262 1743
262 1560
263 3743
263 2262
263 4696
264 842
264 4160
264 4948
265 1385
265 3354
265 4105
265 1713
266 1426
266 738
266 3777
266 3377
266 4432
266 4862
267 1401
267 1937
267 4314
267 4083
268 2111
268 3661
268 959
268 1152
268 382
268 4114
269 1853
269 2443
269 3537
269 4036
270 410
270 835
271 1009
271 3598
271 274
271 3192
271 326
272 1752
272 2918
272 755
272 3794
272 3296
273 4693
273 3708
273 324
273 3480
274 1550
274 2926
274 1278
274 2074
274 4361
275 1181
275 1703
275 2675
275 4052
275 3927
276 2234
276 2971
276 3464
277 3177
277 429
277 340
277 3319
277 4304
277 638
278 3275
278 3624
278 4676
278 4818
278 3021
279 1154
279 4714
279 1834
279 4011
280 1389
280 770
280 1886
280 2842
280 3798
280 1129
281 1274
281 2970
281 3077
281 414
281 3675
282 4354
282 4373
282 4632
282 358
282 2676
283 335
283 4912
283 4786
283 4230
283 4037
283 2470
284 1995
284 3745
284 4562
284 2542
284 3747
285 663
285 2001
285 3590
285 591
286 390
286 1022
286 2233
286 3871
286 4612
286 4724
287 4457
287 3376
287 1046
288 4027
288 3027
288 2572
288 2583
288 294
288 350
289 3317
289 3554
289 4351
289 4776
290 3297
290 4438
290 4455
291 1871
291 404
291 297
291 2265
291 730
291 3282
292 1169
292 3197
292 379
292 3123
293 1860
293 2396
293 3536
293 4264
293 650
294 2031
294 1470
294 1136
295 1277
295 1824
295 4356
295 671
295 4031
296 4619
297 2867
298 1457
298 2254
298 4337
298 4505
298 3134
299 3883
299 4242
299 4918
299 1848
300 4296
300 684
300 1634
300 1170
300 4913
300 1976
301 4746
301 1489
301 2863
301 4933
301 4100
301 1940
302 3055
302 4591
302 1594
302 2624
302 850
302 2032
303 338
303 4919
303 507
303 667
303 4921
304 726
304 969
304 3348
304 3360
304 3428
304 2914
305 2309
305 2818
305 4185
306 1864
306 3103
306 2843
306 3914
307 2050
307 4292
307 4723
308 2950
308 1703
308 4624
309 878
309 2325
309 4560
310 2103
310 2645
310 4503
311 413
311 2635
311 1418
311 1830
312 3198
312 1620
312 4594
312 2087
313 2190
313 2956
313 4073
313 1578
314 2850
315 2143
315 1931
315 2980
315 2983
315 2590
316 1452
316 3479
316 1038
316 825
317 2856
317 3648
317 3566
317 1270
318 2107
318 4536
318 2874
318 2143
319 1445
319 1464
319 2663
319 1171
319 3503
320 1284
320 4549
320 1039
320 2166
321 4211
321 945
321 4893
321 4168
322 4129
322 2371
322 1020
322 1843
323 3713
323 3150
323 4842
323 1736
323 1108
324 4817
324 2271
324 1532
325 1718
325 1325
325 4625
325 4873
326 3377
326 3806
326 2127
326 3281
327 3247
327 4668
327 2639
327 2460
327 355
328 3250
328 3757
328 3384
328 2292
329 1409
329 3240
329 3643
329 4247
330 2444
331 1434
331 3953
331 1485
332 2245
332 2303
332 533
332 1301
333 3642
333 338
334 1106
334 1889
334 1728
334 993
334 3533
335 4184
335 4593
335 623
335 4759
336 1128
336 4093
336 1166
336 4710
336 2009
337 1245
337 4774
337 1089
337 2845
338 2949
338 4756
339 1790
339 3241
339 419
340 4881
340 4177
340 1852
341 1660
341 4090
341 783
341 1148
342 679
342 3513
342 1009
342 3520
343 3180
343 1394
343 753
344 3960
344 3457
344 4707
344 3284
344 1812
345 3430
345 4047
345 4218
345 4335
345 4302
346 728
346 1739
346 3673
346 2818
346 3728
347 1830
348 889
348 2938
348 2294
348 2756
349 3212
349 4781
349 2553
349 1917
349 4423
350 720
350 756
350 1145
350 2311
351 3950
351 2761
351 576
351 1206
351 470
352 1987
352 4625
352 1959
352 375
352 1175
353 984
353 4766
353 2965
353 3017
354 703
354 1676
354 2522
354 3949
355 3467
355 1194
356 2031
356 3030
356 2282
357 3759
357 1334
357 416
357 3111
357 4079
358 4275
358 4718
358 1110
359 1562
359 4488
359 4258
360 3761
360 3025
360 896
360 1338
361 1259
361 2706
361 3540
361 3574
361 4999
362 3502
362 2895
362 2801
362 1720
363 3612
363 479
363 3677
363 393
363 720
364 4025
364 4228
364 722
364 3390
364 4407
365 4814
365 2419
365 2861
366 2723
366 3618
367 1759
367 4345
367 4043
367 987
368 2037
368 1880
368 4632
368 1770
369 1828
369 2428
369 3308
369 2456
370 1697
370 1789
370 4318
371 2154
371 3115
371 4281
371 1676
372 3201
372 2737
372 4927
372 2081
373 2002
373 3511
373 3641
373 3018
374 3538
374 859
374 3771
374 1130
375 1352
375 1907
375 3326
376 4910
376 2439
376 3302
376 3709
377 2561
377 2019
378 4257
378 2139
378 3627
378 1580
379 677
379 2746
379 4826
380 939
381 3040
381 2411
381 3074
381 3935
382 1873
382 654
383 2404
383 3983
384 2280
384 3069
385 3960
386 4854
387 3679
387 3909
387 3921
387 1897
388 4671
388 2214
388 1765
388 768
389 1854
389 851
389 1466
389 973
390 3193
390 4934
390 2997
391 3499
391 2788
391 1774
393 2638
393 4491
394 2932
394 2633
395 4502
395 3688
395 4413
396 1187
396 3036
397 2963
397 3375
397 4363
397 3752
398 4113
398 3300
398 4339
398 3855
399 2051
400 1493
400 2982
400 3855
400 1165
401 1012
401 4666
401 812
401 4841
402 2092
402 4501
403 923
403 3967
403 4274
404 3095
404 3779
405 741
405 4078
406 3246
406 2447
406 1119
406 4216
407 2941
407 3133
407 3525
408 3278
408 805
408 1686
409 4883
410 1557
410 4077
410 584
410 909
411 3907
411 4677
411 3653
412 1139
412 578
413 4951
414 1505
414 1290
415 742
415 4618
415 1023
416 1533
417 2810
417 3631
417 1553
417 640
418 952
418 4737
418 3356
418 1029
419 2239
419 991
419 2652
420 3055
420 2523
420 1588
421 899
421 1693
422 3994
423 4791
423 2886
423 2913
423 2823
424 2449
424 3565
424 4355
425 3398
425 3135
426 4223
426 1637
426 901
426 818
427 4500
427 2830
427 3239
428 4019
428 1554
428 4481
428 1807
429 3766
430 770
430 3146
431 930
431 4687
431 863
431 2623
432 2855
432 3859
433 4848
433 1367
433 999
434 3147
434 4051
434 1845
435 2351
435 2926
435 1329
435 982
436 444
436 4533
437 3859
437 4083
437 4520
438 1164
438 952
439 4643
440 2664
440 4261
440 536
440 757
441 2975
442 4365
442 1540
442 3093
443 1266
443 4340
443 1405
444 3530
444 2252
445 1301
445 1926
445 2599
445 2800
446 1902
446 3256
446 2017
447 1420
447 2582
447 4041
447 2873
448 3965
449 1433
449 1043
449 3801
449 733
450 2700
450 2948
450 517
451 1473
451 2767
452 466
452 1857
452 2048
452 4039
453 2825
453 3670
453 4363
454 1234
454 3724
454 661
454 832
455 4611
455 2898
456 1218
457 2058
457 2079
457 3557
458 1699
458 2075
459 4899
459 2674
459 3149
460 932
460 1670
460 923
460 3574
461 1432
461 3719
461 3641
461 4742
462 1407
462 4769
463 1584
463 2560
463 569
464 4225
464 4309
465 1463
465 4627
466 2319
466 3613
466 4655
466 4941
467 1564
467 2862
467 1438
468 2822
468 4659
468 2344
469 2295
469 2880
470 1981
470 2163
470 791
471 2436
472 3717
472 1273
472 2612
473 564
473 3938
473 2974
473 2407
474 1375
474 4378
474 3323
475 2025
475 3027
475 3084
475 4839
476 2306
476 4044
477 1672
477 4276
477 2640
478 1409
478 3553
478 4799
478 4003
480 2028
481 2494
481 1962
481 2751
481 3187
482 1124
482 3057
482 4720
483 2940
483 4253
483 2903
484 3672
484 575
484 4273
485 2748
485 1941
485 3429
485 3475
486 3344
486 666
486 1192
487 1638
487 4004
487 4238
488 3948
488 603
488 1434
489 4347
489 1320
490 1582
490 2029
490 3498
491 3781
491 4179
491 981
492 3456
493 3838
493 1363
494 4418
494 2152
494 2197
495 2828
495 557
495 4509
497 1315
497 1338
497 1596
498 2110
498 3325
498 1356
500 2672
500 1167
500 951
501 2943
501 3737
502 1201
502 1639
504 592
504 519
504 2072
505 2750
505 1696
506 2625
506 1297
506 2807
507 1261
508 4177
508 1956
508 566
509 1818
510 3137
510 1682
511 1602
511 3601
511 3441
512 725
513 2568
513 914
513 1665
514 1856
514 1960
514 2768
516 3620
517 1935
517 1090
518 1141
518 4697
519 2785
519 4157
520 2935
520 3389
521 4546
521 707
522 1547
522 4474
523 2655
523 4462
524 3814
524 3906
524 4218
525 4661
526 3294
526 3659
526 3800
527 2986
527 3052
527 3854
528 3871
528 1419
528 3911
529 1032
530 2709
530 3777
531 1207
531 2641
531 1287
533 3401
534 2124
534 4525
534 3683
535 3115
535 4208
535 1230
536 2496
537 1877
538 2508
538 3853
538 4024
539 1918
539 1936
540 631
541 2196
541 2798
542 2703
543 4680
544 4068
544 2365
544 3637
545 3479
546 3065
546 3692
547 2876
547 961
547 4752
548 968
548 3492
549 3791
549 925
550 1688
550 2924
550 1911
551 3701
551 4209
551 1826
552 925
553 2037
554 4806
554 4013
555 706
555 1471
555 4283
556 3023
556 3098
557 1306
557 4553
558 1914
558 4243
559 2618
559 3934
560 2870
560 2432
561 4449
561 3244
562 4306
563 3969
563 4378
564 2529
565 4937
566 4658
566 1704
567 1967
567 2101
567 2533
568 1469
568 2134
568 4473
569 1339
570 1707
571 2016
571 2358
572 1340
573 679
573 2550
573 3308
574 4331
575 3395
575 1195
577 3603
577 1215
579 1400
580 3290
580 727
581 1444
582 3993
582 3363
583 4946
583 3214
583 1514
584 3965
584 4577
585 2930
585 4573
585 1708
586 4790
586 1323
587 4219
588 3008
588 1143
588 862
589 1382
589 3496
591 3671
592 3674
593 1831
594 2257
594 1178
595 3656
596 1578
596 4343
596 4377
597 4607
597 1555
598 4087
599 3887
599 3929
599 4142
600 4183
600 1667
600 2806
601 4063
601 4859
601 954
602 1794
602 4060
602 2815
603 4646
604 1882
605 1539
605 3321
605 2908
606 2904
606 2905
606 2272
607 2225
607 1677
608 1263
608 3117
609 662
609 3207
609 3224
610 3177
610 3294
611 1656
612 1905
612 1747
613 1173
613 2626
614 2188
614 4784
615 3364
615 4541
615 2904
616 3572
616 2518
618 2497
618 2957
619 3542
619 3519
620 1690
620 627
621 4917
621 4501
621 4353
622 3623
623 732
624 690
624 4044
624 2729
625 1261
625 1908
625 2658
626 3658
626 4284
627 2509
628 2682
629 1454
629 1539
629 1817
630 2841
630 2999
631 3324
631 905
632 1461
632 3848
632 3422
633 3077
634 2268
634 1000
634 677
635 833
636 2123
636 4664
636 1227
637 1022
637 2394
638 2120
639 750
639 4647
640 4055
640 1841
641 2979
642 2610
642 3393
643 1492
643 2429
644 1313
644 4099
644 3842
645 2015
645 2425
645 2296
646 3916
646 4118
647 2339
649 4936
649 4416
649 4107
650 1222
651 1327
651 2731
651 4199
652 1040
652 712
652 1392
653 1486
653 4132
653 3782
654 4741
655 2960
655 3896
657 3478
658 4583
658 4679
658 4176
659 3416
659 1919
660 3525
660 1437
661 2766
662 3425
662 2530
664 4036
664 4196
664 1847
665 2319
665 4626
666 3459
666 3581
670 4035
670 710
671 4525
672 2886
672 2683
672 2441
673 4143
674 3478
674 2723
675 1224
675 2080
676 1952
676 1647
677 4847
678 2329
678 4840
678 2857
679 997
680 2883
680 3135
680 4161
681 686
682 2040
682 4512
683 4152
683 2174
684 2996
685 2404
685 4348
686 1198
686 925
687 3169
688 3902
689 3105
690 3401
691 3444
692 819
694 2461
697 1023
698 1930
699 3004
700 2038
700 4787
701 3483
702 4214
703 2668
704 4088
704 724
705 2828
705 2748
706 3940
707 1507
708 4891
709 2753
711 3589
713 3132
715 3678
715 2370
716 2923
716 1454
718 3662
718 2620
719 2061
719 1015
721 4049
721 1126
722 816
723 1879
723 4870
724 3941
725 3494
726 1666
726 3542
728 3327
728 3518
730 1878
731 4605
732 1209
733 4286
734 4001
735 1014
736 3457
737 2650
738 1579
741 1431
741 2300
743 4349
743 1241
745 3869
746 2866
747 4798
748 1180
748 3986
750 2109
750 2736
752 836
752 1348
754 2377
754 3120
755 2250
757 1362
758 3722
759 1587
761 4543
762 3587
762 1767
764 2194
764 1859
765 4435
765 2273
767 2593
767 4816
771 3041
771 2380
772 4432
775 1252
776 4549
777 1025
777 2076
778 4165
779 3460
780 3219
781 4474
782 1258
783 2847
784 1536
786 4175
789 1702
791 1010
793 4180
793 4267
794 1199
795 1031
795 2135
796 1051
796 2029
798 2155
798 1759
799 4120
799 2293
800 3652
801 950
801 2263
806 2469
806 3793
807 3733
808 2111
809 4192
811 3743
811 4660
812 3125
816 3137
817 1287
817 1391
819 1929
820 1640
820 4093
822 3289
822 900
823 4183
823 1772
824 3577
824 3670
825 3892
826 3536
826 896
827 3793
828 2787
828 4005
829 3142
830 2711
830 2516
831 3291
833 1958
834 1332
834 919
836 1276
837 2571
838 2687
838 3011
839 1506
841 1617
841 4171
842 2252
842 4346
843 1265
843 1796
845 3015
846 4713
847 4610
848 4522
848 1861
849 2874
850 1608
852 3272
852 4836
854 3969
854 1358
855 3870
856 1778
856 1933
857 1479
857 4213
859 2677
864 3631
864 4595
865 3074
865 4611
866 3664
867 1432
867 3506
868 2042
868 3473
869 1732
871 1296
872 4479
873 1355
873 4371
874 4434
875 3711
875 4066
877 1336
877 3681
878 1480
878 3512
879 1050
880 2563
882 4008
882 2802
883 3176
884 1683
884 4535
886 2446
886 3094
887 2206
887 3215
888 3943
889 4820
890 4072
892 2232
892 3028
893 1065
894 4523
895 3424
895 943
897 2065
897 1266
899 1729
899 1714
900 3170
903 3110
903 2427
904 3410
904 1900
905 2227
907 2519
907 3991
908 1159
909 4415
910 3421
912 4393
916 3937
917 2994
918 2936
920 3730
922 3167
922 2238
924 4101
927 3507
927 1181
930 1531
930 4879
931 2442
931 2962
933 1869
933 2697
934 1695
935 2662
935 4932
936 2640
937 3642
939 2119
940 3666
941 2816
941 1857
942 3695
943 1049
945 3714
946 2585
947 4889
948 4032
948 3852
949 2230
949 3336
950 1758
951 2531
953 2406
955 2688
956 3229
956 1672
957 3833
958 985
960 4758
962 1618
963 2482
964 4334
964 1863
965 3441
965 4623
966 1211
966 4251
967 2909
967 3912
969 3901
969 3980
970 1062
970 1423
971 3950
971 3874
973 2124
975 1791
975 4645
976 3630
977 3755
980 2849
980 1064
981 3604
983 2600
984 2053
985 3146
986 3449
986 3518
989 3890
990 1919
990 4171
992 1324
994 1763
994 3072
995 2514
995 3514
997 1567
998 1116
1001 4459
1001 2545
1002 2387
1002 4448
1003 2181
1004 4682
1004 1513
1005 2002
1007 1564
1007 2483
1008 2931
1010 2027
1012 3962
1012 1304
1013 3873
1013 2339
1014 4796
1016 3213
1017 3769
1018 4189
1019 4572
1019 1895
1020 1995
1024 1242
1024 1066
1026 2073
1027 4824
1027 2138
1028 2116
1028 1741
1030 4907
1033 1041
1034 1991
1034 1574
1035 3550
1037 3463
1039 1835
1043 2454
1044 4324
1044 3602
1045 1643
1046 1620
1047 1234
1049 1855
1049 3009
1052 2591
1052 3445
1054 1597
1055 1629
1055 4038
1056 3248
1057 2079
1058 4182
1060 1925
1061 1079
1061 1592
1062 2510
1062 1606
1063 1675
1066 4938
1068 1844
1068 4915
1070 2070
1071 1200
1072 2810
1072 4121
1073 2465
1074 4075
1074 4662
1075 4085
1077 3485
1078 2624
1079 4743
1080 4147
1080 3783
1081 3122
1081 4478
1082 1988
1083 3592
1083 4850
1084 3739
1085 4454
1085 4760
1086 4496
1086 4661
1087 4908
1088 3716
1088 3452
1089 1691
1091 2474
1092 4556
1092 3305
1093 1343
1094 1179
1094 1365
1101 2766
1102 3073
1104 1147
1113 4126
1121 4170
1125 1585
1132 1850
1153 3128
1154 3037
1158 1333
1163 2800
1168 2246
1183 1504
1185 3882
1186 3700
1202 1326
1205 1443
1214 3626
1231 4711
1232 2281
1233 4542
1236 4939
1237 1521
1243 3454
1246 3729
1248 4508
1249 2507
1251 1796
1254 4048
1255 1303
1263 4778
1265 4484
1281 2790
1282 2430
1284 3157
1292 1723
1293 4725
1294 3052
1300 1786
1302 3092
1303 1565
1308 2526
1313 1386
1314 2771
1315 1827
1321 1771
1327 1615
1328 4992
1330 4718
1331 2455
1337 3293
1346 2909
1349 3026
1366 2438
1370 2538
1374 3958
1379 2775
1385 3877
1387 3500
1388 4603
1397 1872
1398 4540
1400 2595
1401 4548
1408 2049
1420 4655
1427 2567
1439 1959
1440 4983
1444 3787
1447 3702
1450 2039
1451 3448
1453 3185
1455 3182
1460 4307
1461 1912
1481 3429
1482 4215
1483 4094
1484 4486
1487 4140
1496 2830
1499 4001
1500 2983
1501 2873
1508 2929
1510 4823
1511 4030
1512 3916
1515 3532
1518 3736
1522 2476
1523 3689
1528 4005
1529 1666
1542 4962
1546 4046
1548 2521
1558 3093
1559 4716
1563 3476
1583 3841
1590 1950
1593 4454
1595 1793
1596 3485
1597 2355
1599 3292
1603 3738
1610 1631
1614 4816
1615 1723
1618 4404
1625 4148
1628 3591
1638 3328
1641 3251
1644 4155
1650 2787
1657 4128
1659 3293
1663 2060
1668 2808
1669 3570
1673 3466
1674 3372
1685 4620
1688 2782
1706 4552
1711 3647
1716 4385
1717 3919
1718 2315
1724 2932
1730 4768
1734 3292
1735 4025
1751 3736
1753 3166
1754 2459
1764 4911
1766 2898
1783 2776
1789 2759
1791 1926
1794 4182
1797 4650
1799 2298
1802 4615
1803 2307
1825 2202
1832 3599
1839 2213
1846 4289
1849 3517
1851 2754
1858 3443
1866 2118
1870 3845
1881 4343
1891 2191
1896 3694
1898 3559
1902 2329
1909 4622
1921 3205
1934 3731
1935 4657
1939 3643
1948 2984
1957 2705
1967 3234
1969 4814
1978 2698
1981 2362
1983 4607
1986 2208
1989 3914
1994 2020
2000 4302
2004 2280
2005 4312
2006 4219
2007 3001
2022 2683
2036 4802
2039 2694
2045 3252
2046 2184
2050 2068
2054 2258
2071 2582
2073 3262
2078 4419
2085 4570
2086 3003
2089 3897
2093 4876
2099 3394
2100 2504
2102 2782
2113 2279
2115 2151
2125 4106
2149 3718
2150 2989
2157 2819
2158 3223
2161 3151
2165 2517
2168 2211
2171 4922
2172 2703
2176 2418
2177 3726
2195 3680
2196 2395
2200 2948
2204 4391
2206 3089
2209 4478
2218 4217
2222 4503
2224 4341
2233 4914
2236 2360
2245 4395
2246 3556
2250 3796
2253 4403
2259 2395
2283 2716
2284 2299
2287 4537
2290 4364
2304 2691
2305 2669
2306 4475
2312 4534
2313 2839
2321 4382
2324 3659
2330 2781
2333 3311
2350 2843
2361 2468
2364 4941
2366 4011
2367 4167
2368 3254
2372 3141
2375 3597
2382 2876
2385 4451
2390 3028
2393 4506
2396 2998
2403 4728
2410 2580
2417 2665
2422 2972
2423 2602
2431 3134
2434 2498
2436 3361
2448 3383
2453 4773
2463 4347
2464 4656
2479 2602
2483 2866
2484 3544
2485 2815
2492 4476
2500 3928
2502 2951
2503 4762
2509 4516
2521 3653
2529 2805
2535 4726
2548 3184
2558 4173
2561 3827
2570 3958
2580 4986
2598 4353
2600 2614
2604 3067
2607 4448
2609 3829
2610 4124
2618 2827
2635 3933
2636 3722
2638 3830
2642 3857
2646 3894
2648 4271
2649 3175
2661 4689
2663 2705
2665 2792
2668 4500
2671 3505
2678 2963
2679 4010
2692 3573
2710 2925
2712 3232
2717 3461
2728 4978
2732 4031
2735 3730
2764 3805
2768 4321
2771 4830
2777 2872
2784 3204
2804 3576
2822 3699
2831 4096
2833 4233
2834 3784
2836 4092
2846 4123
2850 3906
2851 4007
2856 2947
2864 2951
2867 4207
2869 3828
2870 3571
2875 4252
2878 3083
2896 4323
2910 4126
2912 4875
2918 3567
2934 2964
2939 3712
2952 3061
2953 4900
2955 4429
2969 4967
2985 4128
2988 3894
3013 4273
3016 4181
3023 4426
3033 3826
3040 3431
3046 4445
3056 3891
3060 4806
3075 3271
3078 3417
3085 4119
3086 4105
3113 4069
3116 4554
3118 3252
3121 4409
3126 4455
3129 4700
3131 4042
3139 4499
3140 3677
3154 4848
3162 3218
3171 3362
3172 3387
3174 3966
3201 4436
3203 4997
3219 4337
3220 3726
3234 4150
3235 3562
3237 3992
3248 4691
3261 4761
3267 4713
3269 4957
3270 3432
3276 3469
3283 4731
3285 4543
3289 3529
3295 3734
3301 4457
3303 4367
3307 3750
3312 3942
3316 4413
3328 3538
3331 4443
3345 4939
3352 3990
3355 4098
3357 3610
3358 4376
3366 3595
3368 3471
3370 4486
3371 3998
3386 4251
3388 4700
3392 4598
3402 4654
3411 3651
3420 4751
3435 4948
3438 4975
3455 4280
3460 4297
3462 3593
3487 3517
3492 3886
3511 3759
3516 4438
3522 3763
3541 4801
3543 4436
3554 4411
3569 4995
3578 3636
3584 3753
3622 4949
3635 4100
3672 4722
3696 3875
3706 4529
3710 4538
3718 4188
3721 4440
3742 4847
3774 4702
3821 4539
3822 4344
3834 4149
3843 4442
3846 4087
3879 4170
3920 4288
3922 4086
3929 4996
3942 4954
3952 4461
3955 4037
3964 4412
3994 4876
3995 4973
3999 4719
4000 4738
4012 4982
4017 4924
4020 4098
4052 4787
4111 4753
4129 4412
4130 4374
4141 4955
4186 4928
4204 4894
4221 4623
4307 4609
4321 4662
4357 4970
4365 4746
4381 4443
4384 4693
4392 4550
4394 4741
4466 4888
4480 4657
4507 4949
4520 4991
4629 4993
4641 4790
4642 4734
4670 4833
4683 4871
4775 4872
