0 1
0 2
0 3
0 4
0 5
0 6
0 7
0 8
0 9
0 10
1 11
1 12
1 13
1 14
11 15
11 16
11 17
11 18
11 19
15 20
15 21
15 22
15 23
15 24
20 25
20 26
20 27
20 28
20 29
25 30
25 31
25 32
25 33
25 34
30 2
30 35
30 4
30 36
30 37
2 12
2 38
2 39
12 16
12 40
12 41
12 42
16 21
16 43
16 44
16 45
16 46
21 26
21 47
21 48
26 31
26 49
26 50
26 51
26 52
26 53
26 54
26 55
31 35
31 56
31 57
35 38
35 58
35 59
35 60
38 40
38 61
38 62
38 63
38 64
38 65
40 43
40 66
40 67
40 68
40 69
40 70
40 71
43 47
43 72
43 73
43 74
43 75
47 49
47 76
47 77
49 56
49 78
49 79
49 80
56 58
56 81
56 82
56 83
58 61
58 84
58 85
58 86
58 87
58 88
61 66
61 89
61 90
66 72
66 91
66 92
66 93
72 76
72 94
72 95
72 96
72 97
76 78
76 98
76 99
76 100
76 101
76 102
78 81
78 103
78 104
78 105
78 106
78 107
78 108
81 84
81 109
81 110
84 89
84 111
84 112
84 113
84 114
84 115
89 91
89 116
89 117
91 94
91 118
91 119
91 120
94 98
94 121
94 122
94 123
94 124
98 103
98 125
98 126
98 127
98 128
98 129
103 109
103 130
103 131
109 111
109 132
109 133
109 134
111 116
111 135
111 136
111 137
111 138
111 139
116 118
116 3
116 140
118 121
118 13
118 141
118 142
121 125
121 17
121 143
121 144
121 145
125 130
125 22
125 146
125 147
130 132
130 27
130 148
130 149
130 150
130 151
132 135
132 32
132 152
135 3
135 4
135 153
135 154
3 13
3 155
3 156
3 157
13 17
13 158
17 22
17 159
17 160
17 161
17 162
22 27
22 163
27 32
27 164
27 165
32 4
32 166
32 167
32 168
32 169
4 170
5 171
5 172
5 173
5 174
5 175
5 176
5 177
5 178
5 179
5 180
5 181
5 182
5 183
5 184
5 185
5 186
5 187
5 188
5 189
5 190
5 191
5 192
5 193
5 194
5 195
5 196
5 197
5 198
5 199
5 200
5 201
5 202
5 203
5 204
5 205
5 206
5 207
5 208
5 209
5 210
5 211
5 212
5 213
5 214
5 215
5 216
5 217
5 218
5 219
5 220
5 221
5 222
5 223
5 224
5 225
5 226
5 227
5 228
5 229
5 230
5 231
5 232
5 233
5 234
5 235
5 236
5 237
5 238
5 239
5 240
5 241
5 242
5 243
5 244
5 245
5 246
5 247
5 248
5 249
5 250
5 251
5 252
5 253
5 254
5 255
5 256
5 257
5 258
5 259
5 260
6 261
6 262
6 263
6 264
6 265
6 266
6 267
6 268
6 269
6 270
6 271
6 272
6 273
6 274
6 275
6 276
6 277
6 278
6 279
6 280
6 281
6 282
6 283
7 284
7 285
7 286
7 287
7 288
7 289
7 290
7 291
7 292
7 293
7 294
7 295
7 296
7 297
7 298
7 299
7 300
7 301
7 302
7 303
7 304
7 305
8 306
8 307
8 308
8 309
8 310
8 311
8 312
8 313
8 314
8 315
8 316
8 317
8 318
8 319
8 320
8 321
8 322
8 323
8 324
9 325
9 326
9 327
9 328
9 329
9 330
9 331
9 332
9 333
9 334
9 335
9 336
9 337
9 338
9 339
9 340
9 341
9 342
10 343
10 344
10 345
10 346
10 347
10 348
10 349
10 350
10 351
10 352
10 353
10 354
10 355
10 356
10 357
10 358
14 359
14 360
14 361
14 362
14 363
14 364
14 365
14 366
14 367
14 368
18 369
18 370
18 371
18 372
19 373
19 374
19 375
19 376
23 377
23 378
23 379
23 380
24 381
24 382
24 383
24 384
28 385
28 386
28 387
28 388
29 389
29 390
29 391
29 392
33 393
33 394
33 395
33 396
34 397
34 398
34 399
34 400
36 401
36 402
36 403
36 404
37 405
37 406
37 407
37 408
37 409
39 410
39 411
39 412
41 413
41 414
41 415
41 416
42 417
42 418
42 419
42 420
44 421
44 422
44 423
44 424
45 425
45 426
45 427
45 428
46 429
46 430
46 431
48 432
48 433
48 434
48 435
48 436
48 437
48 438
48 439
48 440
48 441
48 442
48 443
48 444
48 445
50 446
50 447
50 448
50 449
50 450
50 451
50 452
50 453
50 454
50 455
50 456
50 457
50 458
50 459
50 460
51 461
51 462
51 463
51 464
52 465
52 466
52 467
52 468
53 469
53 470
53 471
54 472
54 473
54 474
55 475
55 476
55 477
57 478
57 479
57 480
59 481
59 482
59 483
60 484
60 485
60 486
62 487
62 488
62 489
63 490
63 491
63 492
64 493
64 494
64 495
65 496
65 497
65 498
67 499
67 500
67 501
67 502
68 503
68 504
68 505
68 506
69 507
69 508
69 509
70 510
70 511
70 512
70 513
71 514
71 515
71 516
71 517
71 518
73 519
73 520
73 521
73 522
74 523
74 524
74 525
74 526
75 527
75 528
75 529
77 530
77 531
77 532
79 533
79 534
79 535
80 536
80 537
80 538
82 539
82 540
82 541
83 542
83 543
83 544
83 545
83 546
83 547
83 548
83 549
83 550
83 551
83 552
83 553
83 554
83 555
83 556
83 557
83 558
83 559
83 560
83 561
83 562
83 563
83 564
83 565
83 566
83 567
83 568
83 569
83 570
83 571
83 572
83 573
83 574
83 575
83 576
83 577
83 578
83 579
83 580
83 581
83 582
83 583
83 584
83 585
83 586
83 587
83 588
85 589
85 590
85 591
85 592
85 593
85 594
85 595
85 596
85 597
85 598
85 599
85 600
85 601
85 602
85 603
85 604
85 605
85 606
85 607
85 608
85 609
85 610
85 611
85 612
85 613
85 614
85 615
85 616
85 617
85 618
85 619
86 620
86 621
86 622
86 623
86 624
86 625
86 626
86 627
86 628
86 629
86 630
86 631
86 632
86 633
86 634
86 635
86 636
86 637
86 638
86 639
86 640
86 641
87 642
87 643
87 644
87 645
87 646
87 647
87 648
87 649
87 650
87 651
87 652
87 653
87 654
87 655
87 656
87 657
87 658
87 659
87 660
87 661
87 662
88 663
88 664
88 665
88 666
88 667
88 668
88 669
88 670
88 671
88 672
88 673
88 674
88 675
88 676
88 677
88 678
88 679
88 680
90 681
90 682
90 683
90 684
90 685
90 686
90 687
90 688
90 689
90 690
90 691
90 692
90 693
90 694
90 695
90 696
92 697
92 698
92 699
92 700
93 701
93 702
93 703
93 704
93 705
93 706
95 707
95 708
95 709
95 710
96 711
96 712
96 713
96 714
97 715
97 716
97 717
97 718
99 719
99 720
99 721
100 722
100 723
100 724
101 725
101 726
101 727
102 728
102 729
102 730
104 731
104 732
104 733
105 734
105 735
105 736
106 737
106 738
106 739
107 740
107 741
107 742
108 743
108 744
108 745
110 746
110 747
110 748
112 749
112 750
112 751
113 752
113 753
113 754
114 755
114 756
114 757
115 758
115 759
115 760
117 761
117 762
117 763
119 764
119 765
119 766
119 767
120 768
120 769
120 770
120 771
120 772
120 773
122 774
122 775
122 776
122 777
123 778
123 779
123 780
123 781
124 782
124 783
124 784
124 785
126 786
126 787
126 788
127 789
127 790
127 791
128 792
128 793
128 794
129 795
129 796
129 797
131 798
131 799
131 800
133 801
133 802
133 803
133 804
134 805
134 806
134 807
134 808
134 809
136 810
136 811
136 812
137 813
137 814
137 815
138 816
138 817
138 818
139 819
139 820
139 821
140 822
140 823
140 824
141 825
141 826
141 827
141 828
142 829
142 830
142 831
142 832
142 833
142 834
143 835
143 836
143 837
143 838
144 839
144 840
144 841
144 842
145 843
145 844
145 845
145 846
146 847
146 848
146 849
146 850
147 851
147 852
147 853
147 854
147 855
148 856
148 857
148 858
149 859
149 860
149 861
150 862
150 863
150 864
151 865
151 866
151 867
152 868
152 869
152 870
153 871
153 872
153 873
153 874
154 875
154 876
154 877
154 878
154 879
155 880
155 881
155 882
155 883
156 884
156 885
156 886
156 887
157 888
157 889
157 890
157 891
158 892
158 893
158 894
159 895
159 896
159 897
160 898
160 899
160 900
161 901
161 902
161 903
162 904
162 905
162 906
163 907
163 908
163 909
164 910
164 911
164 912
165 913
165 914
165 915
165 916
166 917
166 918
166 919
167 920
167 921
167 922
168 923
168 924
168 925
169 926
169 927
169 928
170 929
170 930
170 931
170 932
170 933
170 934
170 935
170 936
170 937
170 938
